6.5 | 6.5 | 5.26 | 4.02 | 2.78 | 
6.5 | 6.49914 | 5.25976 | 4.01978 | 2.78 | 
6.5 | 6.49827 | 5.25952 | 4.01955 | 2.78 | 
6.5 | 6.49741 | 5.25928 | 4.01933 | 2.78 | 
6.5 | 6.49654 | 5.25904 | 4.0191 | 2.78 | 
6.5 | 6.49567 | 5.25879 | 4.01887 | 2.78 | 
6.5 | 6.49481 | 5.25855 | 4.01864 | 2.78 | 
6.5 | 6.49394 | 5.2583 | 4.0184 | 2.78 | 
6.5 | 6.49307 | 5.25805 | 4.01816 | 2.78 | 
6.5 | 6.49219 | 5.2578 | 4.01793 | 2.78 | 
6.5 | 6.49132 | 5.25754 | 4.01769 | 2.78 | 
6.5 | 6.49045 | 5.25729 | 4.01745 | 2.78 | 
6.5 | 6.48957 | 5.25703 | 4.01721 | 2.78 | 
6.5 | 6.48869 | 5.25677 | 4.01696 | 2.78 | 
6.5 | 6.48781 | 5.25651 | 4.01672 | 2.78 | 
6.5 | 6.48693 | 5.25625 | 4.01648 | 2.78 | 
6.5 | 6.48605 | 5.25598 | 4.01623 | 2.78 | 
6.5 | 6.48517 | 5.25572 | 4.01599 | 2.78 | 
6.5 | 6.48428 | 5.25545 | 4.01574 | 2.78 | 
6.5 | 6.48339 | 5.25518 | 4.01549 | 2.78 | 
6.5 | 6.4825 | 5.25491 | 4.01525 | 2.78 | 
6.5 | 6.48161 | 5.25464 | 4.015 | 2.78 | 
6.5 | 6.48071 | 5.25437 | 4.01475 | 2.78 | 
6.5 | 6.47982 | 5.2541 | 4.01451 | 2.78 | 
6.5 | 6.47892 | 5.25383 | 4.01426 | 2.78 | 
6.5 | 6.47802 | 5.25356 | 4.01401 | 2.78 | 
6.5 | 6.47712 | 5.25328 | 4.01376 | 2.78 | 
6.5 | 6.47622 | 5.25301 | 4.01352 | 2.78 | 
6.5 | 6.47532 | 5.25274 | 4.01327 | 2.78 | 
6.5 | 6.47441 | 5.25246 | 4.01302 | 2.78 | 
6.5 | 6.47351 | 5.25219 | 4.01277 | 2.78 | 
6.5 | 6.4726 | 5.25192 | 4.01252 | 2.78 | 
6.5 | 6.47169 | 5.25164 | 4.01228 | 2.78 | 
6.5 | 6.47079 | 5.25137 | 4.01203 | 2.78 | 
6.5 | 6.46988 | 5.2511 | 4.01178 | 2.78 | 
6.5 | 6.46897 | 5.25082 | 4.01153 | 2.78 | 
6.5 | 6.46806 | 5.25055 | 4.01128 | 2.78 | 
6.5 | 6.46714 | 5.25028 | 4.01103 | 2.78 | 
6.5 | 6.46623 | 5.25001 | 4.01078 | 2.78 | 
6.5 | 6.46532 | 5.24973 | 4.01053 | 2.78 | 
6.5 | 6.46441 | 5.24946 | 4.01028 | 2.78 | 
6.5 | 6.4635 | 5.24919 | 4.01003 | 2.78 | 
6.5 | 6.46258 | 5.24892 | 4.00978 | 2.78 | 
6.5 | 6.46167 | 5.24865 | 4.00953 | 2.78 | 
6.5 | 6.46076 | 5.24838 | 4.00928 | 2.78 | 
6.5 | 6.45985 | 5.24811 | 4.00903 | 2.78 | 
6.5 | 6.45893 | 5.24784 | 4.00877 | 2.78 | 
6.5 | 6.45802 | 5.24757 | 4.00852 | 2.78 | 
6.5 | 6.45711 | 5.24729 | 4.00827 | 2.78 | 
6.5 | 6.4562 | 5.24702 | 4.00801 | 2.78 | 
6.5 | 6.45529 | 5.24675 | 4.00776 | 2.78 | 
6.5 | 6.45438 | 5.24648 | 4.00751 | 2.78 | 
6.5 | 6.45347 | 5.24621 | 4.00725 | 2.78 | 
6.5 | 6.45256 | 5.24594 | 4.007 | 2.78 | 
6.5 | 6.45165 | 5.24567 | 4.00674 | 2.78 | 
6.5 | 6.45074 | 5.24539 | 4.00648 | 2.78 | 
6.5 | 6.44983 | 5.24512 | 4.00623 | 2.78 | 
6.5 | 6.44892 | 5.24485 | 4.00597 | 2.78 | 
6.5 | 6.44801 | 5.24458 | 4.00571 | 2.78 | 
6.5 | 6.44711 | 5.2443 | 4.00546 | 2.78 | 
6.5 | 6.4462 | 5.24403 | 4.0052 | 2.78 | 
6.5 | 6.44529 | 5.24375 | 4.00494 | 2.78 | 
6.5 | 6.44439 | 5.24348 | 4.00468 | 2.78 | 
6.5 | 6.44348 | 5.2432 | 4.00443 | 2.78 | 
6.5 | 6.44258 | 5.24293 | 4.00417 | 2.78 | 
6.5 | 6.44167 | 5.24265 | 4.00391 | 2.78 | 
6.5 | 6.44076 | 5.24237 | 4.00365 | 2.78 | 
6.5 | 6.43986 | 5.2421 | 4.00339 | 2.78 | 
6.5 | 6.43896 | 5.24182 | 4.00313 | 2.78 | 
6.5 | 6.43805 | 5.24154 | 4.00287 | 2.78 | 
6.5 | 6.43715 | 5.24126 | 4.00261 | 2.78 | 
6.5 | 6.43624 | 5.24098 | 4.00235 | 2.78 | 
6.5 | 6.43534 | 5.2407 | 4.00209 | 2.78 | 
6.5 | 6.43444 | 5.24042 | 4.00184 | 2.78 | 
6.5 | 6.43354 | 5.24014 | 4.00158 | 2.78 | 
6.5 | 6.43263 | 5.23986 | 4.00132 | 2.78 | 
6.5 | 6.43173 | 5.23958 | 4.00106 | 2.78 | 
6.5 | 6.43083 | 5.23929 | 4.0008 | 2.78 | 
6.5 | 6.42993 | 5.23901 | 4.00054 | 2.78 | 
6.5 | 6.42902 | 5.23873 | 4.00028 | 2.78 | 
6.5 | 6.42812 | 5.23845 | 4.00002 | 2.78 | 
6.5 | 6.42722 | 5.23816 | 3.99976 | 2.78 | 
6.5 | 6.42632 | 5.23788 | 3.9995 | 2.78 | 
6.5 | 6.42542 | 5.23759 | 3.99924 | 2.78 | 
6.5 | 6.42452 | 5.23731 | 3.99898 | 2.78 | 
6.5 | 6.42362 | 5.23702 | 3.99872 | 2.78 | 
6.5 | 6.42272 | 5.23674 | 3.99846 | 2.78 | 
6.5 | 6.42182 | 5.23645 | 3.9982 | 2.78 | 
6.5 | 6.42092 | 5.23617 | 3.99794 | 2.78 | 
6.5 | 6.42002 | 5.23588 | 3.99768 | 2.78 | 
6.5 | 6.41912 | 5.2356 | 3.99742 | 2.78 | 
6.5 | 6.41822 | 5.23531 | 3.99716 | 2.78 | 
6.5 | 6.41732 | 5.23502 | 3.9969 | 2.78 | 
6.5 | 6.41642 | 5.23474 | 3.99664 | 2.78 | 
6.5 | 6.41553 | 5.23445 | 3.99638 | 2.78 | 
6.5 | 6.41463 | 5.23416 | 3.99612 | 2.78 | 
6.5 | 6.41373 | 5.23387 | 3.99586 | 2.78 | 
6.5 | 6.41284 | 5.23358 | 3.9956 | 2.78 | 
6.5 | 6.41194 | 5.2333 | 3.99534 | 2.78 | 
6.5 | 6.41104 | 5.23301 | 3.99508 | 2.78 | 
6.5 | 6.41015 | 5.23272 | 3.99482 | 2.78 | 
6.5 | 6.40925 | 5.23243 | 3.99456 | 2.78 | 
6.5 | 6.40836 | 5.23214 | 3.9943 | 2.78 | 
6.5 | 6.40746 | 5.23185 | 3.99404 | 2.78 | 
6.5 | 6.40657 | 5.23156 | 3.99378 | 2.78 | 
6.5 | 6.40568 | 5.23127 | 3.99352 | 2.78 | 
6.5 | 6.40478 | 5.23098 | 3.99325 | 2.78 | 
6.5 | 6.40389 | 5.23069 | 3.99299 | 2.78 | 
6.5 | 6.403 | 5.2304 | 3.99273 | 2.78 | 
6.5 | 6.40211 | 5.23011 | 3.99247 | 2.78 | 
6.5 | 6.40121 | 5.22982 | 3.99221 | 2.78 | 
6.5 | 6.40032 | 5.22953 | 3.99195 | 2.78 | 
6.5 | 6.39943 | 5.22924 | 3.99169 | 2.78 | 
6.5 | 6.39854 | 5.22894 | 3.99143 | 2.78 | 
6.5 | 6.39765 | 5.22865 | 3.99117 | 2.78 | 
6.5 | 6.39676 | 5.22836 | 3.99091 | 2.78 | 
6.5 | 6.39588 | 5.22807 | 3.99065 | 2.78 | 
6.5 | 6.39499 | 5.22777 | 3.99038 | 2.78 | 
6.5 | 6.3941 | 5.22748 | 3.99012 | 2.78 | 
6.5 | 6.39321 | 5.22719 | 3.98986 | 2.78 | 
6.5 | 6.39233 | 5.22689 | 3.9896 | 2.78 | 
6.5 | 6.39144 | 5.2266 | 3.98934 | 2.78 | 
6.5 | 6.39055 | 5.2263 | 3.98908 | 2.78 | 
6.5 | 6.38967 | 5.22601 | 3.98882 | 2.78 | 
6.5 | 6.38878 | 5.22571 | 3.98856 | 2.78 | 
6.5 | 6.3879 | 5.22542 | 3.98829 | 2.78 | 
6.5 | 6.38701 | 5.22512 | 3.98803 | 2.78 | 
6.5 | 6.38613 | 5.22482 | 3.98777 | 2.78 | 
6.5 | 6.38525 | 5.22453 | 3.98751 | 2.78 | 
6.5 | 6.38436 | 5.22423 | 3.98725 | 2.78 | 
6.5 | 6.38348 | 5.22393 | 3.98699 | 2.78 | 
6.5 | 6.3826 | 5.22363 | 3.98672 | 2.78 | 
6.5 | 6.38172 | 5.22334 | 3.98646 | 2.78 | 
6.5 | 6.38083 | 5.22304 | 3.9862 | 2.78 | 
6.5 | 6.37995 | 5.22274 | 3.98594 | 2.78 | 
6.5 | 6.37907 | 5.22244 | 3.98568 | 2.78 | 
6.5 | 6.37819 | 5.22214 | 3.98542 | 2.78 | 
6.5 | 6.37731 | 5.22184 | 3.98515 | 2.78 | 
6.5 | 6.37643 | 5.22154 | 3.98489 | 2.78 | 
6.5 | 6.37555 | 5.22124 | 3.98463 | 2.78 | 
6.5 | 6.37468 | 5.22094 | 3.98437 | 2.78 | 
6.5 | 6.3738 | 5.22064 | 3.98411 | 2.78 | 
6.5 | 6.37292 | 5.22034 | 3.98385 | 2.78 | 
6.5 | 6.37204 | 5.22004 | 3.98358 | 2.78 | 
6.5 | 6.37117 | 5.21974 | 3.98332 | 2.78 | 
6.5 | 6.37029 | 5.21944 | 3.98306 | 2.78 | 
6.5 | 6.36941 | 5.21913 | 3.9828 | 2.78 | 
6.5 | 6.36854 | 5.21883 | 3.98254 | 2.78 | 
6.5 | 6.36766 | 5.21853 | 3.98227 | 2.78 | 
6.5 | 6.36679 | 5.21823 | 3.98201 | 2.78 | 
6.5 | 6.36591 | 5.21792 | 3.98175 | 2.78 | 
6.5 | 6.36504 | 5.21762 | 3.98149 | 2.78 | 
6.5 | 6.36416 | 5.21732 | 3.98123 | 2.78 | 
6.5 | 6.36329 | 5.21701 | 3.98096 | 2.78 | 
6.5 | 6.36242 | 5.21671 | 3.9807 | 2.78 | 
6.5 | 6.36155 | 5.2164 | 3.98044 | 2.78 | 
6.5 | 6.36067 | 5.2161 | 3.98018 | 2.78 | 
6.5 | 6.3598 | 5.21579 | 3.97992 | 2.78 | 
6.5 | 6.35893 | 5.21549 | 3.97965 | 2.78 | 
6.5 | 6.35806 | 5.21518 | 3.97939 | 2.78 | 
6.5 | 6.35719 | 5.21488 | 3.97913 | 2.78 | 
6.5 | 6.35632 | 5.21457 | 3.97887 | 2.78 | 
6.5 | 6.35545 | 5.21427 | 3.97861 | 2.78 | 
6.5 | 6.35458 | 5.21396 | 3.97834 | 2.78 | 
6.5 | 6.35371 | 5.21365 | 3.97808 | 2.78 | 
6.5 | 6.35284 | 5.21334 | 3.97782 | 2.78 | 
6.5 | 6.35198 | 5.21304 | 3.97756 | 2.78 | 
6.5 | 6.35111 | 5.21273 | 3.97729 | 2.78 | 
6.5 | 6.35024 | 5.21242 | 3.97703 | 2.78 | 
6.5 | 6.34938 | 5.21211 | 3.97677 | 2.78 | 
6.5 | 6.34851 | 5.2118 | 3.97651 | 2.78 | 
6.5 | 6.34765 | 5.2115 | 3.97624 | 2.78 | 
6.5 | 6.34678 | 5.21119 | 3.97598 | 2.78 | 
6.5 | 6.34592 | 5.21088 | 3.97572 | 2.78 | 
6.5 | 6.34505 | 5.21057 | 3.97546 | 2.78 | 
6.5 | 6.34419 | 5.21026 | 3.97519 | 2.78 | 
6.5 | 6.34332 | 5.20995 | 3.97493 | 2.78 | 
6.5 | 6.34246 | 5.20964 | 3.97467 | 2.78 | 
6.5 | 6.3416 | 5.20933 | 3.97441 | 2.78 | 
6.5 | 6.34074 | 5.20902 | 3.97414 | 2.78 | 
6.5 | 6.33987 | 5.2087 | 3.97388 | 2.78 | 
6.5 | 6.33901 | 5.20839 | 3.97362 | 2.78 | 
6.5 | 6.33815 | 5.20808 | 3.97335 | 2.78 | 
6.5 | 6.33729 | 5.20777 | 3.97309 | 2.78 | 
6.5 | 6.33643 | 5.20746 | 3.97283 | 2.78 | 
6.5 | 6.33557 | 5.20714 | 3.97257 | 2.78 | 
6.5 | 6.33471 | 5.20683 | 3.9723 | 2.78 | 
6.5 | 6.33385 | 5.20652 | 3.97204 | 2.78 | 
6.5 | 6.333 | 5.2062 | 3.97178 | 2.78 | 
6.5 | 6.33214 | 5.20589 | 3.97151 | 2.78 | 
6.5 | 6.33128 | 5.20558 | 3.97125 | 2.78 | 
6.5 | 6.33042 | 5.20526 | 3.97099 | 2.78 | 
6.5 | 6.32957 | 5.20495 | 3.97073 | 2.78 | 
6.5 | 6.32871 | 5.20463 | 3.97046 | 2.78 | 
6.5 | 6.32785 | 5.20432 | 3.9702 | 2.78 | 
6.5 | 6.327 | 5.204 | 3.96994 | 2.78 | 
6.5 | 6.32614 | 5.20369 | 3.96967 | 2.78 | 
6.5 | 6.32529 | 5.20337 | 3.96941 | 2.78 | 
6.5 | 6.32443 | 5.20306 | 3.96915 | 2.78 | 
6.5 | 6.32358 | 5.20274 | 3.96888 | 2.78 | 
6.5 | 6.32273 | 5.20242 | 3.96862 | 2.78 | 
6.5 | 6.32187 | 5.20211 | 3.96836 | 2.78 | 
6.5 | 6.32102 | 5.20179 | 3.96809 | 2.78 | 
6.5 | 6.32017 | 5.20147 | 3.96783 | 2.78 | 
6.5 | 6.31932 | 5.20115 | 3.96757 | 2.78 | 
6.5 | 6.31847 | 5.20084 | 3.9673 | 2.78 | 
6.5 | 6.31762 | 5.20052 | 3.96704 | 2.78 | 
6.5 | 6.31677 | 5.2002 | 3.96678 | 2.78 | 
6.5 | 6.31592 | 5.19988 | 3.96651 | 2.78 | 
6.5 | 6.31507 | 5.19956 | 3.96625 | 2.78 | 
6.5 | 6.31422 | 5.19924 | 3.96599 | 2.78 | 
6.5 | 6.31337 | 5.19892 | 3.96572 | 2.78 | 
6.5 | 6.31252 | 5.1986 | 3.96546 | 2.78 | 
6.5 | 6.31167 | 5.19828 | 3.9652 | 2.78 | 
6.5 | 6.31082 | 5.19796 | 3.96493 | 2.78 | 
6.5 | 6.30998 | 5.19764 | 3.96467 | 2.78 | 
6.5 | 6.30913 | 5.19732 | 3.96441 | 2.78 | 
6.5 | 6.30828 | 5.197 | 3.96414 | 2.78 | 
6.5 | 6.30744 | 5.19668 | 3.96388 | 2.78 | 
6.5 | 6.30659 | 5.19636 | 3.96361 | 2.78 | 
6.5 | 6.30575 | 5.19603 | 3.96335 | 2.78 | 
6.5 | 6.3049 | 5.19571 | 3.96309 | 2.78 | 
6.5 | 6.30406 | 5.19539 | 3.96282 | 2.78 | 
6.5 | 6.30321 | 5.19507 | 3.96256 | 2.78 | 
6.5 | 6.30237 | 5.19474 | 3.9623 | 2.78 | 
6.5 | 6.30153 | 5.19442 | 3.96203 | 2.78 | 
6.5 | 6.30069 | 5.1941 | 3.96177 | 2.78 | 
6.5 | 6.29984 | 5.19377 | 3.9615 | 2.78 | 
6.5 | 6.299 | 5.19345 | 3.96124 | 2.78 | 
6.5 | 6.29816 | 5.19313 | 3.96098 | 2.78 | 
6.5 | 6.29732 | 5.1928 | 3.96071 | 2.78 | 
6.5 | 6.29648 | 5.19248 | 3.96045 | 2.78 | 
6.5 | 6.29564 | 5.19215 | 3.96018 | 2.78 | 
6.5 | 6.2948 | 5.19183 | 3.95992 | 2.78 | 
6.5 | 6.29396 | 5.1915 | 3.95965 | 2.78 | 
6.5 | 6.29312 | 5.19118 | 3.95939 | 2.78 | 
6.5 | 6.29228 | 5.19085 | 3.95913 | 2.78 | 
6.5 | 6.29144 | 5.19052 | 3.95886 | 2.78 | 
6.5 | 6.29061 | 5.1902 | 3.9586 | 2.78 | 
6.5 | 6.28977 | 5.18987 | 3.95833 | 2.78 | 
6.5 | 6.28893 | 5.18954 | 3.95807 | 2.78 | 
6.5 | 6.2881 | 5.18922 | 3.9578 | 2.78 | 
6.5 | 6.28726 | 5.18889 | 3.95754 | 2.78 | 
6.5 | 6.28643 | 5.18856 | 3.95728 | 2.78 | 
6.5 | 6.28559 | 5.18823 | 3.95701 | 2.78 | 
6.5 | 6.28476 | 5.18791 | 3.95675 | 2.78 | 
6.5 | 6.28392 | 5.18758 | 3.95648 | 2.78 | 
6.5 | 6.28309 | 5.18725 | 3.95622 | 2.78 | 
6.5 | 6.28225 | 5.18692 | 3.95595 | 2.78 | 
6.5 | 6.28142 | 5.18659 | 3.95569 | 2.78 | 
6.5 | 6.28059 | 5.18626 | 3.95542 | 2.78 | 
6.5 | 6.27976 | 5.18593 | 3.95516 | 2.78 | 
6.5 | 6.27892 | 5.1856 | 3.95489 | 2.78 | 
6.5 | 6.27809 | 5.18527 | 3.95463 | 2.78 | 
6.5 | 6.27726 | 5.18494 | 3.95436 | 2.78 | 
6.5 | 6.27643 | 5.18461 | 3.9541 | 2.78 | 
6.5 | 6.2756 | 5.18428 | 3.95383 | 2.78 | 
6.5 | 6.27477 | 5.18395 | 3.95357 | 2.78 | 
6.5 | 6.27394 | 5.18362 | 3.9533 | 2.78 | 
6.5 | 6.27311 | 5.18329 | 3.95304 | 2.78 | 
6.5 | 6.27228 | 5.18295 | 3.95277 | 2.78 | 
6.5 | 6.27145 | 5.18262 | 3.95251 | 2.78 | 
6.5 | 6.27063 | 5.18229 | 3.95224 | 2.78 | 
6.5 | 6.2698 | 5.18196 | 3.95198 | 2.78 | 
6.5 | 6.26897 | 5.18162 | 3.95171 | 2.78 | 
6.5 | 6.26815 | 5.18129 | 3.95145 | 2.78 | 
6.5 | 6.26732 | 5.18096 | 3.95118 | 2.78 | 
6.5 | 6.26649 | 5.18062 | 3.95092 | 2.78 | 
6.5 | 6.26567 | 5.18029 | 3.95065 | 2.78 | 
6.5 | 6.26484 | 5.17996 | 3.95039 | 2.78 | 
6.5 | 6.26402 | 5.17962 | 3.95012 | 2.78 | 
6.5 | 6.2632 | 5.17929 | 3.94986 | 2.78 | 
6.5 | 6.26237 | 5.17895 | 3.94959 | 2.78 | 
6.5 | 6.26155 | 5.17862 | 3.94933 | 2.78 | 
6.5 | 6.26073 | 5.17828 | 3.94906 | 2.78 | 
6.5 | 6.2599 | 5.17795 | 3.9488 | 2.78 | 
6.5 | 6.25908 | 5.17761 | 3.94853 | 2.78 | 
6.5 | 6.25826 | 5.17728 | 3.94826 | 2.78 | 
6.5 | 6.25744 | 5.17694 | 3.948 | 2.78 | 
6.5 | 6.25662 | 5.1766 | 3.94773 | 2.78 | 
6.5 | 6.2558 | 5.17627 | 3.94747 | 2.78 | 
6.5 | 6.25498 | 5.17593 | 3.9472 | 2.78 | 
6.5 | 6.25416 | 5.17559 | 3.94694 | 2.78 | 
6.5 | 6.25334 | 5.17526 | 3.94667 | 2.78 | 
6.5 | 6.25252 | 5.17492 | 3.9464 | 2.78 | 
6.5 | 6.2517 | 5.17458 | 3.94614 | 2.78 | 
6.5 | 6.25088 | 5.17424 | 3.94587 | 2.78 | 
6.5 | 6.25006 | 5.1739 | 3.94561 | 2.78 | 
6.5 | 6.24925 | 5.17356 | 3.94534 | 2.78 | 
6.5 | 6.24843 | 5.17323 | 3.94508 | 2.78 | 
6.5 | 6.24761 | 5.17289 | 3.94481 | 2.78 | 
6.5 | 6.2468 | 5.17255 | 3.94454 | 2.78 | 
6.5 | 6.24598 | 5.17221 | 3.94428 | 2.78 | 
6.5 | 6.24517 | 5.17187 | 3.94401 | 2.78 | 
6.5 | 6.24435 | 5.17153 | 3.94374 | 2.78 | 
6.5 | 6.24354 | 5.17119 | 3.94348 | 2.78 | 
6.5 | 6.24272 | 5.17085 | 3.94321 | 2.78 | 
6.5 | 6.24191 | 5.17051 | 3.94295 | 2.78 | 
6.5 | 6.2411 | 5.17017 | 3.94268 | 2.78 | 
6.5 | 6.24028 | 5.16983 | 3.94241 | 2.78 | 
6.5 | 6.23947 | 5.16948 | 3.94215 | 2.78 | 
6.5 | 6.23866 | 5.16914 | 3.94188 | 2.78 | 
6.5 | 6.23785 | 5.1688 | 3.94161 | 2.78 | 
6.5 | 6.23704 | 5.16846 | 3.94135 | 2.78 | 
6.5 | 6.23622 | 5.16812 | 3.94108 | 2.78 | 
6.5 | 6.23541 | 5.16777 | 3.94081 | 2.78 | 
6.5 | 6.2346 | 5.16743 | 3.94055 | 2.78 | 
6.5 | 6.23379 | 5.16709 | 3.94028 | 2.78 | 
6.5 | 6.23298 | 5.16674 | 3.94001 | 2.78 | 
6.5 | 6.23218 | 5.1664 | 3.93975 | 2.78 | 
6.5 | 6.23137 | 5.16606 | 3.93948 | 2.78 | 
6.5 | 6.23056 | 5.16571 | 3.93921 | 2.78 | 
6.5 | 6.22975 | 5.16537 | 3.93895 | 2.78 | 
6.5 | 6.22894 | 5.16503 | 3.93868 | 2.78 | 
6.5 | 6.22814 | 5.16468 | 3.93841 | 2.78 | 
6.5 | 6.22733 | 5.16434 | 3.93815 | 2.78 | 
6.5 | 6.22652 | 5.16399 | 3.93788 | 2.78 | 
6.5 | 6.22572 | 5.16365 | 3.93761 | 2.78 | 
6.5 | 6.22491 | 5.1633 | 3.93735 | 2.78 | 
6.5 | 6.22411 | 5.16295 | 3.93708 | 2.78 | 
6.5 | 6.2233 | 5.16261 | 3.93681 | 2.78 | 
6.5 | 6.2225 | 5.16226 | 3.93654 | 2.78 | 
6.5 | 6.2217 | 5.16192 | 3.93628 | 2.78 | 
6.5 | 6.22089 | 5.16157 | 3.93601 | 2.78 | 
6.5 | 6.22009 | 5.16122 | 3.93574 | 2.78 | 
6.5 | 6.21929 | 5.16088 | 3.93547 | 2.78 | 
6.5 | 6.21849 | 5.16053 | 3.93521 | 2.78 | 
6.5 | 6.21768 | 5.16018 | 3.93494 | 2.78 | 
6.5 | 6.21688 | 5.15983 | 3.93467 | 2.78 | 
6.5 | 6.21608 | 5.15948 | 3.9344 | 2.78 | 
6.5 | 6.21528 | 5.15914 | 3.93414 | 2.78 | 
6.5 | 6.21448 | 5.15879 | 3.93387 | 2.78 | 
6.5 | 6.21368 | 5.15844 | 3.9336 | 2.78 | 
6.5 | 6.21288 | 5.15809 | 3.93333 | 2.78 | 
6.5 | 6.21208 | 5.15774 | 3.93307 | 2.78 | 
6.5 | 6.21128 | 5.15739 | 3.9328 | 2.78 | 
6.5 | 6.21048 | 5.15704 | 3.93253 | 2.78 | 
6.5 | 6.20969 | 5.15669 | 3.93226 | 2.78 | 
6.5 | 6.20889 | 5.15634 | 3.932 | 2.78 | 
6.5 | 6.20809 | 5.15599 | 3.93173 | 2.78 | 
6.5 | 6.2073 | 5.15564 | 3.93146 | 2.78 | 
6.5 | 6.2065 | 5.15529 | 3.93119 | 2.78 | 
6.5 | 6.2057 | 5.15494 | 3.93092 | 2.78 | 
6.5 | 6.20491 | 5.15459 | 3.93066 | 2.78 | 
6.5 | 6.20411 | 5.15424 | 3.93039 | 2.78 | 
6.5 | 6.20332 | 5.15389 | 3.93012 | 2.78 | 
6.5 | 6.20252 | 5.15354 | 3.92985 | 2.78 | 
6.5 | 6.20173 | 5.15318 | 3.92958 | 2.78 | 
6.5 | 6.20094 | 5.15283 | 3.92931 | 2.78 | 
6.5 | 6.20014 | 5.15248 | 3.92905 | 2.78 | 
6.5 | 6.19935 | 5.15213 | 3.92878 | 2.78 | 
6.5 | 6.19856 | 5.15177 | 3.92851 | 2.78 | 
6.5 | 6.19777 | 5.15142 | 3.92824 | 2.78 | 
6.5 | 6.19697 | 5.15107 | 3.92797 | 2.78 | 
6.5 | 6.19618 | 5.15071 | 3.9277 | 2.78 | 
6.5 | 6.19539 | 5.15036 | 3.92744 | 2.78 | 
6.5 | 6.1946 | 5.15001 | 3.92717 | 2.78 | 
6.5 | 6.19381 | 5.14965 | 3.9269 | 2.78 | 
6.5 | 6.19302 | 5.1493 | 3.92663 | 2.78 | 
6.5 | 6.19223 | 5.14894 | 3.92636 | 2.78 | 
6.5 | 6.19144 | 5.14859 | 3.92609 | 2.78 | 
6.5 | 6.19066 | 5.14823 | 3.92582 | 2.78 | 
6.5 | 6.18987 | 5.14788 | 3.92555 | 2.78 | 
6.5 | 6.18908 | 5.14752 | 3.92529 | 2.78 | 
6.5 | 6.18829 | 5.14717 | 3.92502 | 2.78 | 
6.5 | 6.18751 | 5.14681 | 3.92475 | 2.78 | 
6.5 | 6.18672 | 5.14646 | 3.92448 | 2.78 | 
6.5 | 6.18593 | 5.1461 | 3.92421 | 2.78 | 
6.5 | 6.18515 | 5.14574 | 3.92394 | 2.78 | 
6.5 | 6.18436 | 5.14539 | 3.92367 | 2.78 | 
6.5 | 6.18358 | 5.14503 | 3.9234 | 2.78 | 
6.5 | 6.18279 | 5.14467 | 3.92313 | 2.78 | 
6.5 | 6.18201 | 5.14432 | 3.92286 | 2.78 | 
6.5 | 6.18122 | 5.14396 | 3.92259 | 2.78 | 
6.5 | 6.18044 | 5.1436 | 3.92232 | 2.78 | 
6.5 | 6.17966 | 5.14324 | 3.92205 | 2.78 | 
6.5 | 6.17887 | 5.14289 | 3.92179 | 2.78 | 
6.5 | 6.17809 | 5.14253 | 3.92152 | 2.78 | 
6.5 | 6.17731 | 5.14217 | 3.92125 | 2.78 | 
6.5 | 6.17653 | 5.14181 | 3.92098 | 2.78 | 
6.5 | 6.17575 | 5.14145 | 3.92071 | 2.78 | 
6.5 | 6.17497 | 5.14109 | 3.92044 | 2.78 | 
6.5 | 6.17419 | 5.14073 | 3.92017 | 2.78 | 
6.5 | 6.17341 | 5.14037 | 3.9199 | 2.78 | 
6.5 | 6.17263 | 5.14001 | 3.91963 | 2.78 | 
6.5 | 6.17185 | 5.13965 | 3.91936 | 2.78 | 
6.5 | 6.17107 | 5.13929 | 3.91909 | 2.78 | 
6.5 | 6.17029 | 5.13893 | 3.91882 | 2.78 | 
6.5 | 6.16951 | 5.13857 | 3.91855 | 2.78 | 
6.5 | 6.16873 | 5.13821 | 3.91828 | 2.78 | 
6.5 | 6.16796 | 5.13785 | 3.91801 | 2.78 | 
6.5 | 6.16718 | 5.13749 | 3.91774 | 2.78 | 
6.5 | 6.1664 | 5.13713 | 3.91747 | 2.78 | 
6.5 | 6.16563 | 5.13677 | 3.9172 | 2.78 | 
6.5 | 6.16485 | 5.13641 | 3.91693 | 2.78 | 
6.5 | 6.16408 | 5.13604 | 3.91666 | 2.78 | 
6.5 | 6.1633 | 5.13568 | 3.91639 | 2.78 | 
6.5 | 6.16253 | 5.13532 | 3.91612 | 2.78 | 
6.5 | 6.16175 | 5.13496 | 3.91585 | 2.78 | 
6.5 | 6.16098 | 5.13459 | 3.91558 | 2.78 | 
6.5 | 6.1602 | 5.13423 | 3.91531 | 2.78 | 
6.5 | 6.15943 | 5.13387 | 3.91503 | 2.78 | 
6.5 | 6.15866 | 5.1335 | 3.91476 | 2.78 | 
6.5 | 6.15789 | 5.13314 | 3.91449 | 2.78 | 
6.5 | 6.15711 | 5.13278 | 3.91422 | 2.78 | 
6.5 | 6.15634 | 5.13241 | 3.91395 | 2.78 | 
6.5 | 6.15557 | 5.13205 | 3.91368 | 2.78 | 
6.5 | 6.1548 | 5.13168 | 3.91341 | 2.78 | 
6.5 | 6.15403 | 5.13132 | 3.91314 | 2.78 | 
6.5 | 6.15326 | 5.13095 | 3.91287 | 2.78 | 
6.5 | 6.15249 | 5.13059 | 3.9126 | 2.78 | 
6.5 | 6.15172 | 5.13022 | 3.91233 | 2.78 | 
6.5 | 6.15095 | 5.12986 | 3.91206 | 2.78 | 
6.5 | 6.15018 | 5.12949 | 3.91178 | 2.78 | 
6.5 | 6.14941 | 5.12913 | 3.91151 | 2.78 | 
6.5 | 6.14865 | 5.12876 | 3.91124 | 2.78 | 
6.5 | 6.14788 | 5.12839 | 3.91097 | 2.78 | 
6.5 | 6.14711 | 5.12803 | 3.9107 | 2.78 | 
6.5 | 6.14635 | 5.12766 | 3.91043 | 2.78 | 
6.5 | 6.14558 | 5.1273 | 3.91016 | 2.78 | 
6.5 | 6.14481 | 5.12693 | 3.90988 | 2.78 | 
6.5 | 6.14405 | 5.12656 | 3.90961 | 2.78 | 
6.5 | 6.14328 | 5.12619 | 3.90934 | 2.78 | 
6.5 | 6.14252 | 5.12583 | 3.90907 | 2.78 | 
6.5 | 6.14175 | 5.12546 | 3.9088 | 2.78 | 
6.5 | 6.14099 | 5.12509 | 3.90853 | 2.78 | 
6.5 | 6.14022 | 5.12472 | 3.90826 | 2.78 | 
6.5 | 6.13946 | 5.12435 | 3.90798 | 2.78 | 
6.5 | 6.1387 | 5.12399 | 3.90771 | 2.78 | 
6.5 | 6.13794 | 5.12362 | 3.90744 | 2.78 | 
6.5 | 6.13717 | 5.12325 | 3.90717 | 2.78 | 
6.5 | 6.13641 | 5.12288 | 3.9069 | 2.78 | 
6.5 | 6.13565 | 5.12251 | 3.90662 | 2.78 | 
6.5 | 6.13489 | 5.12214 | 3.90635 | 2.78 | 
6.5 | 6.13413 | 5.12177 | 3.90608 | 2.78 | 
6.5 | 6.13337 | 5.1214 | 3.90581 | 2.78 | 
6.5 | 6.13261 | 5.12103 | 3.90554 | 2.78 | 
6.5 | 6.13185 | 5.12066 | 3.90526 | 2.78 | 
6.5 | 6.13109 | 5.12029 | 3.90499 | 2.78 | 
6.5 | 6.13033 | 5.11992 | 3.90472 | 2.78 | 
6.5 | 6.12957 | 5.11955 | 3.90445 | 2.78 | 
6.5 | 6.12881 | 5.11918 | 3.90417 | 2.78 | 
6.5 | 6.12806 | 5.11881 | 3.9039 | 2.78 | 
6.5 | 6.1273 | 5.11843 | 3.90363 | 2.78 | 
6.5 | 6.12654 | 5.11806 | 3.90336 | 2.78 | 
6.5 | 6.12579 | 5.11769 | 3.90308 | 2.78 | 
6.5 | 6.12503 | 5.11732 | 3.90281 | 2.78 | 
6.5 | 6.12427 | 5.11695 | 3.90254 | 2.78 | 
6.5 | 6.12352 | 5.11657 | 3.90226 | 2.78 | 
6.5 | 6.12276 | 5.1162 | 3.90199 | 2.78 | 
6.5 | 6.12201 | 5.11583 | 3.90172 | 2.78 | 
6.5 | 6.12125 | 5.11546 | 3.90145 | 2.78 | 
6.5 | 6.1205 | 5.11508 | 3.90117 | 2.78 | 
6.5 | 6.11975 | 5.11471 | 3.9009 | 2.78 | 
6.5 | 6.11899 | 5.11434 | 3.90063 | 2.78 | 
6.5 | 6.11824 | 5.11396 | 3.90035 | 2.78 | 
6.5 | 6.11749 | 5.11359 | 3.90008 | 2.78 | 
6.5 | 6.11673 | 5.11321 | 3.89981 | 2.78 | 
6.5 | 6.11598 | 5.11284 | 3.89953 | 2.78 | 
6.5 | 6.11523 | 5.11247 | 3.89926 | 2.78 | 
6.5 | 6.11448 | 5.11209 | 3.89899 | 2.78 | 
6.5 | 6.11373 | 5.11172 | 3.89871 | 2.78 | 
6.5 | 6.11298 | 5.11134 | 3.89844 | 2.78 | 
6.5 | 6.11223 | 5.11097 | 3.89817 | 2.78 | 
6.5 | 6.11148 | 5.11059 | 3.89789 | 2.78 | 
6.5 | 6.11073 | 5.11022 | 3.89762 | 2.78 | 
6.5 | 6.10998 | 5.10984 | 3.89735 | 2.78 | 
6.5 | 6.10923 | 5.10946 | 3.89707 | 2.78 | 
6.5 | 6.10848 | 5.10909 | 3.8968 | 2.78 | 
6.5 | 6.10774 | 5.10871 | 3.89652 | 2.78 | 
6.5 | 6.10699 | 5.10834 | 3.89625 | 2.78 | 
6.5 | 6.10624 | 5.10796 | 3.89598 | 2.78 | 
6.5 | 6.1055 | 5.10758 | 3.8957 | 2.78 | 
6.5 | 6.10475 | 5.10721 | 3.89543 | 2.78 | 
6.5 | 6.104 | 5.10683 | 3.89515 | 2.78 | 
6.5 | 6.10326 | 5.10645 | 3.89488 | 2.78 | 
6.5 | 6.10251 | 5.10607 | 3.89461 | 2.78 | 
6.5 | 6.10177 | 5.1057 | 3.89433 | 2.78 | 
6.5 | 6.10102 | 5.10532 | 3.89406 | 2.78 | 
6.5 | 6.10028 | 5.10494 | 3.89378 | 2.78 | 
6.5 | 6.09954 | 5.10456 | 3.89351 | 2.78 | 
6.5 | 6.09879 | 5.10418 | 3.89323 | 2.78 | 
6.5 | 6.09805 | 5.1038 | 3.89296 | 2.78 | 
6.5 | 6.09731 | 5.10343 | 3.89269 | 2.78 | 
6.5 | 6.09656 | 5.10305 | 3.89241 | 2.78 | 
6.5 | 6.09582 | 5.10267 | 3.89214 | 2.78 | 
6.5 | 6.09508 | 5.10229 | 3.89186 | 2.78 | 
6.5 | 6.09434 | 5.10191 | 3.89159 | 2.78 | 
6.5 | 6.0936 | 5.10153 | 3.89131 | 2.78 | 
6.5 | 6.09286 | 5.10115 | 3.89104 | 2.78 | 
6.5 | 6.09212 | 5.10077 | 3.89076 | 2.78 | 
6.5 | 6.09138 | 5.10039 | 3.89049 | 2.78 | 
6.5 | 6.09064 | 5.10001 | 3.89021 | 2.78 | 
6.5 | 6.0899 | 5.09963 | 3.88994 | 2.78 | 
6.5 | 6.08916 | 5.09925 | 3.88966 | 2.78 | 
6.5 | 6.08842 | 5.09887 | 3.88939 | 2.78 | 
6.5 | 6.08769 | 5.09849 | 3.88911 | 2.78 | 
6.5 | 6.08695 | 5.0981 | 3.88884 | 2.78 | 
6.5 | 6.08621 | 5.09772 | 3.88856 | 2.78 | 
6.5 | 6.08547 | 5.09734 | 3.88829 | 2.78 | 
6.5 | 6.08474 | 5.09696 | 3.88801 | 2.78 | 
6.5 | 6.084 | 5.09658 | 3.88774 | 2.78 | 
6.5 | 6.08327 | 5.0962 | 3.88746 | 2.78 | 
6.5 | 6.08253 | 5.09581 | 3.88718 | 2.78 | 
6.5 | 6.0818 | 5.09543 | 3.88691 | 2.78 | 
6.5 | 6.08106 | 5.09505 | 3.88663 | 2.78 | 
6.5 | 6.08033 | 5.09466 | 3.88636 | 2.78 | 
6.5 | 6.07959 | 5.09428 | 3.88608 | 2.78 | 
6.5 | 6.07886 | 5.0939 | 3.88581 | 2.78 | 
6.5 | 6.07813 | 5.09352 | 3.88553 | 2.78 | 
6.5 | 6.07739 | 5.09313 | 3.88525 | 2.78 | 
6.5 | 6.07666 | 5.09275 | 3.88498 | 2.78 | 
6.5 | 6.07593 | 5.09236 | 3.8847 | 2.78 | 
6.5 | 6.0752 | 5.09198 | 3.88443 | 2.78 | 
6.5 | 6.07447 | 5.0916 | 3.88415 | 2.78 | 
6.5 | 6.07373 | 5.09121 | 3.88387 | 2.78 | 
6.5 | 6.073 | 5.09083 | 3.8836 | 2.78 | 
6.5 | 6.07227 | 5.09044 | 3.88332 | 2.78 | 
6.5 | 6.07154 | 5.09006 | 3.88304 | 2.78 | 
6.5 | 6.07081 | 5.08967 | 3.88277 | 2.78 | 
6.5 | 6.07008 | 5.08929 | 3.88249 | 2.78 | 
6.5 | 6.06936 | 5.0889 | 3.88221 | 2.78 | 
6.5 | 6.06863 | 5.08852 | 3.88194 | 2.78 | 
6.5 | 6.0679 | 5.08813 | 3.88166 | 2.78 | 
6.5 | 6.06717 | 5.08775 | 3.88138 | 2.78 | 
6.5 | 6.06644 | 5.08736 | 3.88111 | 2.78 | 
6.5 | 6.06572 | 5.08697 | 3.88083 | 2.78 | 
6.5 | 6.06499 | 5.08659 | 3.88055 | 2.78 | 
6.5 | 6.06426 | 5.0862 | 3.88028 | 2.78 | 
6.5 | 6.06354 | 5.08581 | 3.88 | 2.78 | 
6.5 | 6.06281 | 5.08543 | 3.87972 | 2.78 | 
6.5 | 6.06209 | 5.08504 | 3.87945 | 2.78 | 
6.5 | 6.06136 | 5.08465 | 3.87917 | 2.78 | 
6.5 | 6.06064 | 5.08426 | 3.87889 | 2.78 | 
6.5 | 6.05991 | 5.08388 | 3.87861 | 2.78 | 
6.5 | 6.05919 | 5.08349 | 3.87834 | 2.78 | 
6.5 | 6.05846 | 5.0831 | 3.87806 | 2.78 | 
6.5 | 6.05774 | 5.08271 | 3.87778 | 2.78 | 
6.5 | 6.05702 | 5.08233 | 3.87751 | 2.78 | 
6.5 | 6.0563 | 5.08194 | 3.87723 | 2.78 | 
6.5 | 6.05557 | 5.08155 | 3.87695 | 2.78 | 
6.5 | 6.05485 | 5.08116 | 3.87667 | 2.78 | 
6.5 | 6.05413 | 5.08077 | 3.87639 | 2.78 | 
6.5 | 6.05341 | 5.08038 | 3.87612 | 2.78 | 
6.5 | 6.05269 | 5.07999 | 3.87584 | 2.78 | 
6.5 | 6.05197 | 5.0796 | 3.87556 | 2.78 | 
6.5 | 6.05125 | 5.07921 | 3.87528 | 2.78 | 
6.5 | 6.05053 | 5.07882 | 3.87501 | 2.78 | 
6.5 | 6.04981 | 5.07843 | 3.87473 | 2.78 | 
6.5 | 6.04909 | 5.07804 | 3.87445 | 2.78 | 
6.5 | 6.04837 | 5.07765 | 3.87417 | 2.78 | 
6.5 | 6.04765 | 5.07726 | 3.87389 | 2.78 | 
6.5 | 6.04694 | 5.07687 | 3.87362 | 2.78 | 
6.5 | 6.04622 | 5.07648 | 3.87334 | 2.78 | 
6.5 | 6.0455 | 5.07609 | 3.87306 | 2.78 | 
6.5 | 6.04478 | 5.0757 | 3.87278 | 2.78 | 
6.5 | 6.04407 | 5.07531 | 3.8725 | 2.78 | 
6.5 | 6.04335 | 5.07492 | 3.87222 | 2.78 | 
6.5 | 6.04264 | 5.07453 | 3.87194 | 2.78 | 
6.5 | 6.04192 | 5.07414 | 3.87167 | 2.78 | 
6.5 | 6.04121 | 5.07374 | 3.87139 | 2.78 | 
6.5 | 6.04049 | 5.07335 | 3.87111 | 2.78 | 
6.5 | 6.03978 | 5.07296 | 3.87083 | 2.78 | 
6.5 | 6.03906 | 5.07257 | 3.87055 | 2.78 | 
6.5 | 6.03835 | 5.07217 | 3.87027 | 2.78 | 
6.5 | 6.03764 | 5.07178 | 3.86999 | 2.78 | 
6.5 | 6.03692 | 5.07139 | 3.86971 | 2.78 | 
6.5 | 6.03621 | 5.071 | 3.86944 | 2.78 | 
6.5 | 6.0355 | 5.0706 | 3.86916 | 2.78 | 
6.5 | 6.03479 | 5.07021 | 3.86888 | 2.78 | 
6.5 | 6.03407 | 5.06982 | 3.8686 | 2.78 | 
6.5 | 6.03336 | 5.06942 | 3.86832 | 2.78 | 
6.5 | 6.03265 | 5.06903 | 3.86804 | 2.78 | 
6.5 | 6.03194 | 5.06864 | 3.86776 | 2.78 | 
6.5 | 6.03123 | 5.06824 | 3.86748 | 2.78 | 
6.5 | 6.03052 | 5.06785 | 3.8672 | 2.78 | 
6.5 | 6.02981 | 5.06745 | 3.86692 | 2.78 | 
6.5 | 6.0291 | 5.06706 | 3.86664 | 2.78 | 
6.5 | 6.02839 | 5.06666 | 3.86636 | 2.78 | 
6.5 | 6.02769 | 5.06627 | 3.86608 | 2.78 | 
6.5 | 6.02698 | 5.06588 | 3.8658 | 2.78 | 
6.5 | 6.02627 | 5.06548 | 3.86552 | 2.78 | 
6.5 | 6.02556 | 5.06508 | 3.86524 | 2.78 | 
6.5 | 6.02486 | 5.06469 | 3.86496 | 2.78 | 
6.5 | 6.02415 | 5.06429 | 3.86468 | 2.78 | 
6.5 | 6.02344 | 5.0639 | 3.8644 | 2.78 | 
6.5 | 6.02274 | 5.0635 | 3.86412 | 2.78 | 
6.5 | 6.02203 | 5.06311 | 3.86384 | 2.78 | 
6.5 | 6.02133 | 5.06271 | 3.86356 | 2.78 | 
6.5 | 6.02062 | 5.06231 | 3.86328 | 2.78 | 
6.5 | 6.01992 | 5.06192 | 3.863 | 2.78 | 
6.5 | 6.01921 | 5.06152 | 3.86272 | 2.78 | 
6.5 | 6.01851 | 5.06112 | 3.86244 | 2.78 | 
6.5 | 6.0178 | 5.06073 | 3.86216 | 2.78 | 
6.5 | 6.0171 | 5.06033 | 3.86188 | 2.78 | 
6.5 | 6.0164 | 5.05993 | 3.8616 | 2.78 | 
6.5 | 6.0157 | 5.05954 | 3.86132 | 2.78 | 
6.5 | 6.01499 | 5.05914 | 3.86104 | 2.78 | 
6.5 | 6.01429 | 5.05874 | 3.86076 | 2.78 | 
6.5 | 6.01359 | 5.05834 | 3.86048 | 2.78 | 
6.5 | 6.01289 | 5.05795 | 3.86019 | 2.78 | 
6.5 | 6.01219 | 5.05755 | 3.85991 | 2.78 | 
6.5 | 6.01149 | 5.05715 | 3.85963 | 2.78 | 
6.5 | 6.01079 | 5.05675 | 3.85935 | 2.78 | 
6.5 | 6.01009 | 5.05635 | 3.85907 | 2.78 | 
6.5 | 6.00939 | 5.05595 | 3.85879 | 2.78 | 
6.5 | 6.00869 | 5.05555 | 3.85851 | 2.78 | 
6.5 | 6.00799 | 5.05516 | 3.85823 | 2.78 | 
6.5 | 6.00729 | 5.05476 | 3.85795 | 2.78 | 
6.5 | 6.00659 | 5.05436 | 3.85766 | 2.78 | 
6.5 | 6.0059 | 5.05396 | 3.85738 | 2.78 | 
6.5 | 6.0052 | 5.05356 | 3.8571 | 2.78 | 
6.5 | 6.0045 | 5.05316 | 3.85682 | 2.78 | 
6.5 | 6.00381 | 5.05276 | 3.85654 | 2.78 | 
6.5 | 6.00311 | 5.05236 | 3.85626 | 2.78 | 
6.5 | 6.00241 | 5.05196 | 3.85597 | 2.78 | 
6.5 | 6.00172 | 5.05156 | 3.85569 | 2.78 | 
6.5 | 6.00102 | 5.05116 | 3.85541 | 2.78 | 
6.5 | 6.00033 | 5.05076 | 3.85513 | 2.78 | 
6.5 | 5.99963 | 5.05036 | 3.85485 | 2.78 | 
6.5 | 5.99894 | 5.04996 | 3.85456 | 2.78 | 
6.5 | 5.99824 | 5.04956 | 3.85428 | 2.78 | 
6.5 | 5.99755 | 5.04915 | 3.854 | 2.78 | 
6.5 | 5.99686 | 5.04875 | 3.85372 | 2.78 | 
6.5 | 5.99616 | 5.04835 | 3.85344 | 2.78 | 
6.5 | 5.99547 | 5.04795 | 3.85315 | 2.78 | 
6.5 | 5.99478 | 5.04755 | 3.85287 | 2.78 | 
6.5 | 5.99409 | 5.04715 | 3.85259 | 2.78 | 
6.5 | 5.9934 | 5.04674 | 3.85231 | 2.78 | 
6.5 | 5.9927 | 5.04634 | 3.85202 | 2.78 | 
6.5 | 5.99201 | 5.04594 | 3.85174 | 2.78 | 
6.5 | 5.99132 | 5.04554 | 3.85146 | 2.78 | 
6.5 | 5.99063 | 5.04513 | 3.85117 | 2.78 | 
6.5 | 5.98994 | 5.04473 | 3.85089 | 2.78 | 
6.5 | 5.98925 | 5.04433 | 3.85061 | 2.78 | 
6.5 | 5.98856 | 5.04393 | 3.85033 | 2.78 | 
6.5 | 5.98788 | 5.04352 | 3.85004 | 2.78 | 
6.5 | 5.98719 | 5.04312 | 3.84976 | 2.78 | 
6.5 | 5.9865 | 5.04272 | 3.84948 | 2.78 | 
6.5 | 5.98581 | 5.04231 | 3.84919 | 2.78 | 
6.5 | 5.98512 | 5.04191 | 3.84891 | 2.78 | 
6.5 | 5.98444 | 5.04151 | 3.84863 | 2.78 | 
6.5 | 5.98375 | 5.0411 | 3.84834 | 2.78 | 
6.5 | 5.98306 | 5.0407 | 3.84806 | 2.78 | 
6.5 | 5.98238 | 5.04029 | 3.84778 | 2.78 | 
6.5 | 5.98169 | 5.03989 | 3.84749 | 2.78 | 
6.5 | 5.98101 | 5.03948 | 3.84721 | 2.78 | 
6.5 | 5.98032 | 5.03908 | 3.84693 | 2.78 | 
6.5 | 5.97964 | 5.03867 | 3.84664 | 2.78 | 
6.5 | 5.97895 | 5.03827 | 3.84636 | 2.78 | 
6.5 | 5.97827 | 5.03786 | 3.84607 | 2.78 | 
6.5 | 5.97758 | 5.03746 | 3.84579 | 2.78 | 
6.5 | 5.9769 | 5.03705 | 3.84551 | 2.78 | 
6.5 | 5.97622 | 5.03665 | 3.84522 | 2.78 | 
6.5 | 5.97553 | 5.03624 | 3.84494 | 2.78 | 
6.5 | 5.97485 | 5.03584 | 3.84465 | 2.78 | 
6.5 | 5.97417 | 5.03543 | 3.84437 | 2.78 | 
6.5 | 5.97349 | 5.03503 | 3.84409 | 2.78 | 
6.5 | 5.97281 | 5.03462 | 3.8438 | 2.78 | 
6.5 | 5.97212 | 5.03421 | 3.84352 | 2.78 | 
6.5 | 5.97144 | 5.03381 | 3.84323 | 2.78 | 
6.5 | 5.97076 | 5.0334 | 3.84295 | 2.78 | 
6.5 | 5.97008 | 5.03299 | 3.84266 | 2.78 | 
6.5 | 5.9694 | 5.03259 | 3.84238 | 2.78 | 
6.5 | 5.96872 | 5.03218 | 3.84209 | 2.78 | 
6.5 | 5.96804 | 5.03177 | 3.84181 | 2.78 | 
6.5 | 5.96737 | 5.03137 | 3.84152 | 2.78 | 
6.5 | 5.96669 | 5.03096 | 3.84124 | 2.78 | 
6.5 | 5.96601 | 5.03055 | 3.84095 | 2.78 | 
6.5 | 5.96533 | 5.03014 | 3.84067 | 2.78 | 
6.5 | 5.96465 | 5.02973 | 3.84038 | 2.78 | 
6.5 | 5.96398 | 5.02933 | 3.8401 | 2.78 | 
6.5 | 5.9633 | 5.02892 | 3.83981 | 2.78 | 
6.5 | 5.96262 | 5.02851 | 3.83953 | 2.78 | 
6.5 | 5.96195 | 5.0281 | 3.83924 | 2.78 | 
6.5 | 5.96127 | 5.02769 | 3.83896 | 2.78 | 
6.5 | 5.9606 | 5.02729 | 3.83867 | 2.78 | 
6.5 | 5.95992 | 5.02688 | 3.83839 | 2.78 | 
6.5 | 5.95925 | 5.02647 | 3.8381 | 2.78 | 
6.5 | 5.95857 | 5.02606 | 3.83782 | 2.78 | 
6.5 | 5.9579 | 5.02565 | 3.83753 | 2.78 | 
6.5 | 5.95722 | 5.02524 | 3.83725 | 2.78 | 
6.5 | 5.95655 | 5.02483 | 3.83696 | 2.78 | 
6.5 | 5.95588 | 5.02442 | 3.83667 | 2.78 | 
6.5 | 5.9552 | 5.02401 | 3.83639 | 2.78 | 
6.5 | 5.95453 | 5.0236 | 3.8361 | 2.78 | 
6.5 | 5.95386 | 5.02319 | 3.83582 | 2.78 | 
6.5 | 5.95319 | 5.02278 | 3.83553 | 2.78 | 
6.5 | 5.95252 | 5.02237 | 3.83524 | 2.78 | 
6.5 | 5.95185 | 5.02196 | 3.83496 | 2.78 | 
6.5 | 5.95117 | 5.02155 | 3.83467 | 2.78 | 
6.5 | 5.9505 | 5.02114 | 3.83438 | 2.78 | 
6.5 | 5.94983 | 5.02073 | 3.8341 | 2.78 | 
6.5 | 5.94916 | 5.02032 | 3.83381 | 2.78 | 
6.5 | 5.94849 | 5.01991 | 3.83353 | 2.78 | 
6.5 | 5.94783 | 5.0195 | 3.83324 | 2.78 | 
6.5 | 5.94716 | 5.01909 | 3.83295 | 2.78 | 
6.5 | 5.94649 | 5.01868 | 3.83267 | 2.78 | 
6.5 | 5.94582 | 5.01826 | 3.83238 | 2.78 | 
6.5 | 5.94515 | 5.01785 | 3.83209 | 2.78 | 
6.5 | 5.94448 | 5.01744 | 3.83181 | 2.78 | 
6.5 | 5.94382 | 5.01703 | 3.83152 | 2.78 | 
6.5 | 5.94315 | 5.01662 | 3.83123 | 2.78 | 
6.5 | 5.94248 | 5.01621 | 3.83094 | 2.78 | 
6.5 | 5.94182 | 5.01579 | 3.83066 | 2.78 | 
6.5 | 5.94115 | 5.01538 | 3.83037 | 2.78 | 
6.5 | 5.94049 | 5.01497 | 3.83008 | 2.78 | 
6.5 | 5.93982 | 5.01456 | 3.8298 | 2.78 | 
6.5 | 5.93916 | 5.01414 | 3.82951 | 2.78 | 
6.5 | 5.93849 | 5.01373 | 3.82922 | 2.78 | 
6.5 | 5.93783 | 5.01332 | 3.82893 | 2.78 | 
6.5 | 5.93716 | 5.01291 | 3.82865 | 2.78 | 
6.5 | 5.9365 | 5.01249 | 3.82836 | 2.78 | 
6.5 | 5.93584 | 5.01208 | 3.82807 | 2.78 | 
6.5 | 5.93517 | 5.01167 | 3.82778 | 2.78 | 
6.5 | 5.93451 | 5.01125 | 3.82749 | 2.78 | 
6.5 | 5.93385 | 5.01084 | 3.82721 | 2.78 | 
6.5 | 5.93319 | 5.01042 | 3.82692 | 2.78 | 
6.5 | 5.93252 | 5.01001 | 3.82663 | 2.78 | 
6.5 | 5.93186 | 5.0096 | 3.82634 | 2.78 | 
6.5 | 5.9312 | 5.00918 | 3.82605 | 2.78 | 
6.5 | 5.93054 | 5.00877 | 3.82577 | 2.78 | 
6.5 | 5.92988 | 5.00835 | 3.82548 | 2.78 | 
6.5 | 5.92922 | 5.00794 | 3.82519 | 2.78 | 
6.5 | 5.92856 | 5.00752 | 3.8249 | 2.78 | 
6.5 | 5.9279 | 5.00711 | 3.82461 | 2.78 | 
6.5 | 5.92724 | 5.0067 | 3.82432 | 2.78 | 
6.5 | 5.92658 | 5.00628 | 3.82404 | 2.78 | 
6.5 | 5.92593 | 5.00587 | 3.82375 | 2.78 | 
6.5 | 5.92527 | 5.00545 | 3.82346 | 2.78 | 
6.5 | 5.92461 | 5.00503 | 3.82317 | 2.78 | 
6.5 | 5.92395 | 5.00462 | 3.82288 | 2.78 | 
6.5 | 5.9233 | 5.0042 | 3.82259 | 2.78 | 
6.5 | 5.92264 | 5.00379 | 3.8223 | 2.78 | 
6.5 | 5.92198 | 5.00337 | 3.82201 | 2.78 | 
6.5 | 5.92133 | 5.00296 | 3.82173 | 2.78 | 
6.5 | 5.92067 | 5.00254 | 3.82144 | 2.78 | 
6.5 | 5.92001 | 5.00212 | 3.82115 | 2.78 | 
6.5 | 5.91936 | 5.00171 | 3.82086 | 2.78 | 
6.5 | 5.9187 | 5.00129 | 3.82057 | 2.78 | 
6.5 | 5.91805 | 5.00088 | 3.82028 | 2.78 | 
6.5 | 5.9174 | 5.00046 | 3.81999 | 2.78 | 
6.5 | 5.91674 | 5.00004 | 3.8197 | 2.78 | 
6.5 | 5.91609 | 4.99963 | 3.81941 | 2.78 | 
6.5 | 5.91543 | 4.99921 | 3.81912 | 2.78 | 
6.5 | 5.91478 | 4.99879 | 3.81883 | 2.78 | 
6.5 | 5.91413 | 4.99837 | 3.81854 | 2.78 | 
6.5 | 5.91348 | 4.99796 | 3.81825 | 2.78 | 
6.5 | 5.91283 | 4.99754 | 3.81796 | 2.78 | 
6.5 | 5.91217 | 4.99712 | 3.81767 | 2.78 | 
6.5 | 5.91152 | 4.9967 | 3.81738 | 2.78 | 
6.5 | 5.91087 | 4.99629 | 3.81709 | 2.78 | 
6.5 | 5.91022 | 4.99587 | 3.8168 | 2.78 | 
6.5 | 5.90957 | 4.99545 | 3.81651 | 2.78 | 
6.5 | 5.90892 | 4.99503 | 3.81622 | 2.78 | 
6.5 | 5.90827 | 4.99461 | 3.81593 | 2.78 | 
6.5 | 5.90762 | 4.9942 | 3.81564 | 2.78 | 
6.5 | 5.90697 | 4.99378 | 3.81535 | 2.78 | 
6.5 | 5.90632 | 4.99336 | 3.81506 | 2.78 | 
6.5 | 5.90567 | 4.99294 | 3.81477 | 2.78 | 
6.5 | 5.90503 | 4.99252 | 3.81448 | 2.78 | 
6.5 | 5.90438 | 4.9921 | 3.81419 | 2.78 | 
6.5 | 5.90373 | 4.99168 | 3.8139 | 2.78 | 
6.5 | 5.90308 | 4.99126 | 3.81361 | 2.78 | 
6.5 | 5.90244 | 4.99085 | 3.81332 | 2.78 | 
6.5 | 5.90179 | 4.99043 | 3.81303 | 2.78 | 
6.5 | 5.90114 | 4.99001 | 3.81273 | 2.78 | 
6.5 | 5.9005 | 4.98959 | 3.81244 | 2.78 | 
6.5 | 5.89985 | 4.98917 | 3.81215 | 2.78 | 
6.5 | 5.89921 | 4.98875 | 3.81186 | 2.78 | 
6.5 | 5.89856 | 4.98833 | 3.81157 | 2.78 | 
6.5 | 5.89792 | 4.98791 | 3.81128 | 2.78 | 
6.5 | 5.89727 | 4.98749 | 3.81099 | 2.78 | 
6.5 | 5.89663 | 4.98707 | 3.8107 | 2.78 | 
6.5 | 5.89599 | 4.98665 | 3.8104 | 2.78 | 
6.5 | 5.89534 | 4.98623 | 3.81011 | 2.78 | 
6.5 | 5.8947 | 4.98581 | 3.80982 | 2.78 | 
6.5 | 5.89406 | 4.98538 | 3.80953 | 2.78 | 
6.5 | 5.89341 | 4.98496 | 3.80924 | 2.78 | 
6.5 | 5.89277 | 4.98454 | 3.80895 | 2.78 | 
6.5 | 5.89213 | 4.98412 | 3.80865 | 2.78 | 
6.5 | 5.89149 | 4.9837 | 3.80836 | 2.78 | 
6.5 | 5.89085 | 4.98328 | 3.80807 | 2.78 | 
6.5 | 5.89021 | 4.98286 | 3.80778 | 2.78 | 
6.5 | 5.88957 | 4.98244 | 3.80749 | 2.78 | 
6.5 | 5.88893 | 4.98202 | 3.80719 | 2.78 | 
6.5 | 5.88829 | 4.98159 | 3.8069 | 2.78 | 
6.5 | 5.88765 | 4.98117 | 3.80661 | 2.78 | 
6.5 | 5.88701 | 4.98075 | 3.80632 | 2.78 | 
6.5 | 5.88637 | 4.98033 | 3.80602 | 2.78 | 
6.5 | 5.88573 | 4.97991 | 3.80573 | 2.78 | 
6.5 | 5.88509 | 4.97948 | 3.80544 | 2.78 | 
6.5 | 5.88445 | 4.97906 | 3.80515 | 2.78 | 
6.5 | 5.88381 | 4.97864 | 3.80485 | 2.78 | 
6.5 | 5.88318 | 4.97822 | 3.80456 | 2.78 | 
6.5 | 5.88254 | 4.97779 | 3.80427 | 2.78 | 
6.5 | 5.8819 | 4.97737 | 3.80398 | 2.78 | 
6.5 | 5.88127 | 4.97695 | 3.80368 | 2.78 | 
6.5 | 5.88063 | 4.97653 | 3.80339 | 2.78 | 
6.5 | 5.87999 | 4.9761 | 3.8031 | 2.78 | 
6.5 | 5.87936 | 4.97568 | 3.8028 | 2.78 | 
6.5 | 5.87872 | 4.97526 | 3.80251 | 2.78 | 
6.5 | 5.87809 | 4.97483 | 3.80222 | 2.78 | 
6.5 | 5.87745 | 4.97441 | 3.80192 | 2.78 | 
6.5 | 5.87682 | 4.97399 | 3.80163 | 2.78 | 
6.5 | 5.87619 | 4.97356 | 3.80134 | 2.78 | 
6.5 | 5.87555 | 4.97314 | 3.80104 | 2.78 | 
6.5 | 5.87492 | 4.97271 | 3.80075 | 2.78 | 
6.5 | 5.87429 | 4.97229 | 3.80046 | 2.78 | 
6.5 | 5.87365 | 4.97187 | 3.80016 | 2.78 | 
6.5 | 5.87302 | 4.97144 | 3.79987 | 2.78 | 
6.5 | 5.87239 | 4.97102 | 3.79957 | 2.78 | 
6.5 | 5.87176 | 4.97059 | 3.79928 | 2.78 | 
6.5 | 5.87113 | 4.97017 | 3.79899 | 2.78 | 
6.5 | 5.87049 | 4.96975 | 3.79869 | 2.78 | 
6.5 | 5.86986 | 4.96932 | 3.7984 | 2.78 | 
6.5 | 5.86923 | 4.9689 | 3.7981 | 2.78 | 
6.5 | 5.8686 | 4.96847 | 3.79781 | 2.78 | 
6.5 | 5.86797 | 4.96805 | 3.79752 | 2.78 | 
6.5 | 5.86734 | 4.96762 | 3.79722 | 2.78 | 
6.5 | 5.86671 | 4.9672 | 3.79693 | 2.78 | 
6.5 | 5.86608 | 4.96677 | 3.79663 | 2.78 | 
6.5 | 5.86546 | 4.96634 | 3.79634 | 2.78 | 
6.5 | 5.86483 | 4.96592 | 3.79604 | 2.78 | 
6.5 | 5.8642 | 4.96549 | 3.79575 | 2.78 | 
6.5 | 5.86357 | 4.96507 | 3.79545 | 2.78 | 
6.5 | 5.86294 | 4.96464 | 3.79516 | 2.78 | 
6.5 | 5.86232 | 4.96422 | 3.79486 | 2.78 | 
6.5 | 5.86169 | 4.96379 | 3.79457 | 2.78 | 
6.5 | 5.86106 | 4.96336 | 3.79427 | 2.78 | 
6.5 | 5.86044 | 4.96294 | 3.79398 | 2.78 | 
6.5 | 5.85981 | 4.96251 | 3.79368 | 2.78 | 
6.5 | 5.85919 | 4.96209 | 3.79339 | 2.78 | 
6.5 | 5.85856 | 4.96166 | 3.79309 | 2.78 | 
6.5 | 5.85794 | 4.96123 | 3.7928 | 2.78 | 
6.5 | 5.85731 | 4.96081 | 3.7925 | 2.78 | 
6.5 | 5.85669 | 4.96038 | 3.79221 | 2.78 | 
6.5 | 5.85606 | 4.95995 | 3.79191 | 2.78 | 
6.5 | 5.85544 | 4.95953 | 3.79162 | 2.78 | 
6.5 | 5.85482 | 4.9591 | 3.79132 | 2.78 | 
6.5 | 5.85419 | 4.95867 | 3.79103 | 2.78 | 
6.5 | 5.85357 | 4.95824 | 3.79073 | 2.78 | 
6.5 | 5.85295 | 4.95782 | 3.79043 | 2.78 | 
6.5 | 5.85232 | 4.95739 | 3.79014 | 2.78 | 
6.5 | 5.8517 | 4.95696 | 3.78984 | 2.78 | 
6.5 | 5.85108 | 4.95653 | 3.78955 | 2.78 | 
6.5 | 5.85046 | 4.95611 | 3.78925 | 2.78 | 
6.5 | 5.84984 | 4.95568 | 3.78895 | 2.78 | 
6.5 | 5.84922 | 4.95525 | 3.78866 | 2.78 | 
6.5 | 5.8486 | 4.95482 | 3.78836 | 2.78 | 
6.5 | 5.84798 | 4.95439 | 3.78806 | 2.78 | 
6.5 | 5.84736 | 4.95397 | 3.78777 | 2.78 | 
6.5 | 5.84674 | 4.95354 | 3.78747 | 2.78 | 
6.5 | 5.84612 | 4.95311 | 3.78717 | 2.78 | 
6.5 | 5.8455 | 4.95268 | 3.78688 | 2.78 | 
6.5 | 5.84488 | 4.95225 | 3.78658 | 2.78 | 
6.5 | 5.84426 | 4.95182 | 3.78628 | 2.78 | 
6.5 | 5.84364 | 4.9514 | 3.78599 | 2.78 | 
6.5 | 5.84303 | 4.95097 | 3.78569 | 2.78 | 
6.5 | 5.84241 | 4.95054 | 3.78539 | 2.78 | 
6.5 | 5.84179 | 4.95011 | 3.7851 | 2.78 | 
6.5 | 5.84118 | 4.94968 | 3.7848 | 2.78 | 
6.5 | 5.84056 | 4.94925 | 3.7845 | 2.78 | 
6.5 | 5.83994 | 4.94882 | 3.78421 | 2.78 | 
6.5 | 5.83933 | 4.94839 | 3.78391 | 2.78 | 
6.5 | 5.83871 | 4.94796 | 3.78361 | 2.78 | 
6.5 | 5.8381 | 4.94753 | 3.78331 | 2.78 | 
6.5 | 5.83748 | 4.9471 | 3.78302 | 2.78 | 
6.5 | 5.83687 | 4.94667 | 3.78272 | 2.78 | 
6.5 | 5.83625 | 4.94624 | 3.78242 | 2.78 | 
6.5 | 5.83564 | 4.94581 | 3.78212 | 2.78 | 
6.5 | 5.83502 | 4.94538 | 3.78183 | 2.78 | 
6.5 | 5.83441 | 4.94495 | 3.78153 | 2.78 | 
6.5 | 5.8338 | 4.94452 | 3.78123 | 2.78 | 
6.5 | 5.83318 | 4.94409 | 3.78093 | 2.78 | 
6.5 | 5.83257 | 4.94366 | 3.78063 | 2.78 | 
6.5 | 5.83196 | 4.94323 | 3.78034 | 2.78 | 
6.5 | 5.83135 | 4.9428 | 3.78004 | 2.78 | 
6.5 | 5.83074 | 4.94237 | 3.77974 | 2.78 | 
6.5 | 5.83013 | 4.94194 | 3.77944 | 2.78 | 
6.5 | 5.82951 | 4.94151 | 3.77914 | 2.78 | 
6.5 | 5.8289 | 4.94108 | 3.77885 | 2.78 | 
6.5 | 5.82829 | 4.94065 | 3.77855 | 2.78 | 
6.5 | 5.82768 | 4.94022 | 3.77825 | 2.78 | 
6.5 | 5.82707 | 4.93978 | 3.77795 | 2.78 | 
6.5 | 5.82646 | 4.93935 | 3.77765 | 2.78 | 
6.5 | 5.82585 | 4.93892 | 3.77735 | 2.78 | 
6.5 | 5.82525 | 4.93849 | 3.77705 | 2.78 | 
6.5 | 5.82464 | 4.93806 | 3.77675 | 2.78 | 
6.5 | 5.82403 | 4.93763 | 3.77646 | 2.78 | 
6.5 | 5.82342 | 4.9372 | 3.77616 | 2.78 | 
6.5 | 5.82281 | 4.93676 | 3.77586 | 2.78 | 
6.5 | 5.8222 | 4.93633 | 3.77556 | 2.78 | 
6.5 | 5.8216 | 4.9359 | 3.77526 | 2.78 | 
6.5 | 5.82099 | 4.93547 | 3.77496 | 2.78 | 
6.5 | 5.82038 | 4.93504 | 3.77466 | 2.78 | 
6.5 | 5.81978 | 4.9346 | 3.77436 | 2.78 | 
6.5 | 5.81917 | 4.93417 | 3.77406 | 2.78 | 
6.5 | 5.81857 | 4.93374 | 3.77376 | 2.78 | 
6.5 | 5.81796 | 4.93331 | 3.77346 | 2.78 | 
6.5 | 5.81736 | 4.93287 | 3.77316 | 2.78 | 
6.5 | 5.81675 | 4.93244 | 3.77286 | 2.78 | 
6.5 | 5.81615 | 4.93201 | 3.77256 | 2.78 | 
6.5 | 5.81554 | 4.93158 | 3.77226 | 2.78 | 
6.5 | 5.81494 | 4.93114 | 3.77196 | 2.78 | 
6.5 | 5.81434 | 4.93071 | 3.77166 | 2.78 | 
6.5 | 5.81373 | 4.93028 | 3.77136 | 2.78 | 
6.5 | 5.81313 | 4.92984 | 3.77106 | 2.78 | 
6.5 | 5.81253 | 4.92941 | 3.77076 | 2.78 | 
6.5 | 5.81192 | 4.92898 | 3.77046 | 2.78 | 
6.5 | 5.81132 | 4.92854 | 3.77016 | 2.78 | 
6.5 | 5.81072 | 4.92811 | 3.76986 | 2.78 | 
6.5 | 5.81012 | 4.92768 | 3.76956 | 2.78 | 
6.5 | 5.80952 | 4.92724 | 3.76926 | 2.78 | 
6.5 | 5.80892 | 4.92681 | 3.76896 | 2.78 | 
6.5 | 5.80832 | 4.92638 | 3.76866 | 2.78 | 
6.5 | 5.80772 | 4.92594 | 3.76836 | 2.78 | 
6.5 | 5.80712 | 4.92551 | 3.76806 | 2.78 | 
6.5 | 5.80652 | 4.92507 | 3.76776 | 2.78 | 
6.5 | 5.80592 | 4.92464 | 3.76746 | 2.78 | 
6.5 | 5.80532 | 4.92421 | 3.76716 | 2.78 | 
6.5 | 5.80472 | 4.92377 | 3.76686 | 2.78 | 
6.5 | 5.80412 | 4.92334 | 3.76656 | 2.78 | 
6.5 | 5.80352 | 4.9229 | 3.76625 | 2.78 | 
6.5 | 5.80292 | 4.92247 | 3.76595 | 2.78 | 
6.5 | 5.80233 | 4.92203 | 3.76565 | 2.78 | 
6.5 | 5.80173 | 4.9216 | 3.76535 | 2.78 | 
6.5 | 5.80113 | 4.92116 | 3.76505 | 2.78 | 
6.5 | 5.80053 | 4.92073 | 3.76475 | 2.78 | 
6.5 | 5.79994 | 4.92029 | 3.76445 | 2.78 | 
6.5 | 5.79934 | 4.91986 | 3.76415 | 2.78 | 
6.5 | 5.79875 | 4.91942 | 3.76384 | 2.78 | 
6.5 | 5.79815 | 4.91899 | 3.76354 | 2.78 | 
6.5 | 5.79755 | 4.91855 | 3.76324 | 2.78 | 
6.5 | 5.79696 | 4.91812 | 3.76294 | 2.78 | 
6.5 | 5.79636 | 4.91768 | 3.76264 | 2.78 | 
6.5 | 5.79577 | 4.91725 | 3.76233 | 2.78 | 
6.5 | 5.79518 | 4.91681 | 3.76203 | 2.78 | 
6.5 | 5.79458 | 4.91638 | 3.76173 | 2.78 | 
6.5 | 5.79399 | 4.91594 | 3.76143 | 2.78 | 
6.5 | 5.7934 | 4.9155 | 3.76113 | 2.78 | 
6.5 | 5.7928 | 4.91507 | 3.76082 | 2.78 | 
6.5 | 5.79221 | 4.91463 | 3.76052 | 2.78 | 
6.5 | 5.79162 | 4.9142 | 3.76022 | 2.78 | 
6.5 | 5.79102 | 4.91376 | 3.75992 | 2.78 | 
6.5 | 5.79043 | 4.91332 | 3.75961 | 2.78 | 
6.5 | 5.78984 | 4.91289 | 3.75931 | 2.78 | 
6.5 | 5.78925 | 4.91245 | 3.75901 | 2.78 | 
6.5 | 5.78866 | 4.91201 | 3.75871 | 2.78 | 
6.5 | 5.78807 | 4.91158 | 3.7584 | 2.78 | 
6.5 | 5.78748 | 4.91114 | 3.7581 | 2.78 | 
6.5 | 5.78689 | 4.9107 | 3.7578 | 2.78 | 
6.5 | 5.7863 | 4.91027 | 3.75749 | 2.78 | 
6.5 | 5.78571 | 4.90983 | 3.75719 | 2.78 | 
6.5 | 5.78512 | 4.90939 | 3.75689 | 2.78 | 
6.5 | 5.78453 | 4.90896 | 3.75658 | 2.78 | 
6.5 | 5.78394 | 4.90852 | 3.75628 | 2.78 | 
6.5 | 5.78335 | 4.90808 | 3.75598 | 2.78 | 
6.5 | 5.78277 | 4.90765 | 3.75567 | 2.78 | 
6.5 | 5.78218 | 4.90721 | 3.75537 | 2.78 | 
6.5 | 5.78159 | 4.90677 | 3.75507 | 2.78 | 
6.5 | 5.781 | 4.90633 | 3.75476 | 2.78 | 
6.5 | 5.78042 | 4.9059 | 3.75446 | 2.78 | 
6.5 | 5.77983 | 4.90546 | 3.75416 | 2.78 | 
6.5 | 5.77924 | 4.90502 | 3.75385 | 2.78 | 
6.5 | 5.77866 | 4.90458 | 3.75355 | 2.78 | 
6.5 | 5.77807 | 4.90415 | 3.75324 | 2.78 | 
6.5 | 5.77749 | 4.90371 | 3.75294 | 2.78 | 
6.5 | 5.7769 | 4.90327 | 3.75264 | 2.78 | 
6.5 | 5.77632 | 4.90283 | 3.75233 | 2.78 | 
6.5 | 5.77573 | 4.90239 | 3.75203 | 2.78 | 
6.5 | 5.77515 | 4.90196 | 3.75172 | 2.78 | 
6.5 | 5.77456 | 4.90152 | 3.75142 | 2.78 | 
6.5 | 5.77398 | 4.90108 | 3.75112 | 2.78 | 
6.5 | 5.7734 | 4.90064 | 3.75081 | 2.78 | 
6.5 | 5.77281 | 4.9002 | 3.75051 | 2.78 | 
6.5 | 5.77223 | 4.89976 | 3.7502 | 2.78 | 
6.5 | 5.77165 | 4.89933 | 3.7499 | 2.78 | 
6.5 | 5.77106 | 4.89889 | 3.74959 | 2.78 | 
6.5 | 5.77048 | 4.89845 | 3.74929 | 2.78 | 
6.5 | 5.7699 | 4.89801 | 3.74898 | 2.78 | 
6.5 | 5.76932 | 4.89757 | 3.74868 | 2.78 | 
6.5 | 5.76874 | 4.89713 | 3.74837 | 2.78 | 
6.5 | 5.76816 | 4.89669 | 3.74807 | 2.78 | 
6.5 | 5.76758 | 4.89625 | 3.74776 | 2.78 | 
6.5 | 5.767 | 4.89582 | 3.74746 | 2.78 | 
6.5 | 5.76642 | 4.89538 | 3.74715 | 2.78 | 
6.5 | 5.76584 | 4.89494 | 3.74685 | 2.78 | 
6.5 | 5.76526 | 4.8945 | 3.74654 | 2.78 | 
6.5 | 5.76468 | 4.89406 | 3.74624 | 2.78 | 
6.5 | 5.7641 | 4.89362 | 3.74593 | 2.78 | 
6.5 | 5.76352 | 4.89318 | 3.74562 | 2.78 | 
6.5 | 5.76294 | 4.89274 | 3.74532 | 2.78 | 
6.5 | 5.76236 | 4.8923 | 3.74501 | 2.78 | 
6.5 | 5.76179 | 4.89186 | 3.74471 | 2.78 | 
6.5 | 5.76121 | 4.89142 | 3.7444 | 2.78 | 
6.5 | 5.76063 | 4.89098 | 3.7441 | 2.78 | 
6.5 | 5.76005 | 4.89054 | 3.74379 | 2.78 | 
6.5 | 5.75948 | 4.8901 | 3.74348 | 2.78 | 
6.5 | 5.7589 | 4.88966 | 3.74318 | 2.78 | 
