67.94 | 67.94 | 69.3067 | 70.6733 | 72.04 | 
67.94 | 68.1548 | 69.3936 | 70.7681 | 72.04 | 
67.94 | 68.3564 | 69.4931 | 70.8676 | 72.04 | 
67.94 | 68.5446 | 69.6033 | 70.9729 | 72.04 | 
67.94 | 68.7195 | 69.7219 | 71.0848 | 72.04 | 
67.94 | 68.8809 | 69.8469 | 71.2039 | 72.04 | 
67.94 | 69.0291 | 69.9765 | 71.3305 | 72.04 | 
67.94 | 69.1643 | 70.1086 | 71.4647 | 72.04 | 
67.94 | 69.2869 | 70.2416 | 71.6065 | 72.04 | 
67.94 | 69.3973 | 70.3736 | 71.7557 | 72.04 | 
67.94 | 69.4961 | 70.5031 | 71.9119 | 72.04 | 
67.94 | 69.5839 | 70.6287 | 72.0744 | 72.04 | 
67.94 | 69.6612 | 70.749 | 72.2428 | 72.04 | 
67.94 | 69.7288 | 70.863 | 72.4161 | 72.04 | 
67.94 | 69.7875 | 70.9697 | 72.5937 | 72.04 | 
67.94 | 69.838 | 71.0683 | 72.7745 | 72.04 | 
67.94 | 69.881 | 71.158 | 72.9577 | 72.04 | 
67.94 | 69.9174 | 71.2385 | 73.1422 | 72.04 | 
67.94 | 69.948 | 71.3093 | 73.3271 | 72.04 | 
67.94 | 69.9735 | 71.3703 | 73.5114 | 72.04 | 
67.94 | 69.9946 | 71.4213 | 73.6942 | 72.04 | 
67.94 | 70.0121 | 71.4625 | 73.8745 | 72.04 | 
67.94 | 70.0267 | 71.4941 | 74.0515 | 72.04 | 
67.94 | 70.039 | 71.5163 | 74.2243 | 72.04 | 
67.94 | 70.0496 | 71.5295 | 74.3922 | 72.04 | 
67.94 | 70.0591 | 71.5343 | 74.5546 | 72.04 | 
67.94 | 70.0679 | 71.5311 | 74.7106 | 72.04 | 
67.94 | 70.0766 | 71.5206 | 74.86 | 72.04 | 
67.94 | 70.0856 | 71.5034 | 75.0021 | 72.04 | 
67.94 | 70.0952 | 71.4802 | 75.1367 | 72.04 | 
67.94 | 70.1057 | 71.4518 | 75.2635 | 72.04 | 
67.94 | 70.1174 | 71.4189 | 75.3822 | 72.04 | 
67.94 | 70.1304 | 71.3822 | 75.4927 | 72.04 | 
67.94 | 70.1449 | 71.3424 | 75.595 | 72.04 | 
67.94 | 70.1611 | 71.3003 | 75.6892 | 72.04 | 
67.94 | 70.179 | 71.2566 | 75.7753 | 72.04 | 
67.94 | 70.1986 | 71.2119 | 75.8535 | 72.04 | 
67.94 | 70.2199 | 71.1669 | 75.9241 | 72.04 | 
67.94 | 70.2429 | 71.1221 | 75.9873 | 72.04 | 
67.94 | 70.2674 | 71.0781 | 76.0434 | 72.04 | 
67.94 | 70.2934 | 71.0354 | 76.0929 | 72.04 | 
67.94 | 70.3208 | 70.9945 | 76.136 | 72.04 | 
67.94 | 70.3494 | 70.9557 | 76.1734 | 72.04 | 
67.94 | 70.3789 | 70.9194 | 76.2053 | 72.04 | 
67.94 | 70.4094 | 70.8858 | 76.2323 | 72.04 | 
67.94 | 70.4405 | 70.8552 | 76.2549 | 72.04 | 
67.94 | 70.4721 | 70.8278 | 76.2735 | 72.04 | 
67.94 | 70.504 | 70.8036 | 76.2886 | 72.04 | 
67.94 | 70.536 | 70.7829 | 76.3007 | 72.04 | 
67.94 | 70.5679 | 70.7655 | 76.3102 | 72.04 | 
67.94 | 70.5995 | 70.7515 | 76.3176 | 72.04 | 
67.94 | 70.6306 | 70.7408 | 76.3233 | 72.04 | 
67.94 | 70.6611 | 70.7333 | 76.3278 | 72.04 | 
67.94 | 70.6908 | 70.729 | 76.3313 | 72.04 | 
67.94 | 70.7197 | 70.7275 | 76.3342 | 72.04 | 
67.94 | 70.7474 | 70.7289 | 76.3368 | 72.04 | 
67.94 | 70.774 | 70.7327 | 76.3395 | 72.04 | 
67.94 | 70.7994 | 70.739 | 76.3425 | 72.04 | 
67.94 | 70.8234 | 70.7473 | 76.3459 | 72.04 | 
67.94 | 70.846 | 70.7574 | 76.3501 | 72.04 | 
67.94 | 70.8671 | 70.7692 | 76.355 | 72.04 | 
67.94 | 70.8868 | 70.7823 | 76.361 | 72.04 | 
67.94 | 70.9049 | 70.7964 | 76.3679 | 72.04 | 
67.94 | 70.9216 | 70.8115 | 76.3761 | 72.04 | 
67.94 | 70.9367 | 70.8271 | 76.3853 | 72.04 | 
67.94 | 70.9504 | 70.8431 | 76.3958 | 72.04 | 
67.94 | 70.9627 | 70.8592 | 76.4074 | 72.04 | 
67.94 | 70.9736 | 70.8752 | 76.4201 | 72.04 | 
67.94 | 70.9831 | 70.891 | 76.4339 | 72.04 | 
67.94 | 70.9914 | 70.9063 | 76.4486 | 72.04 | 
67.94 | 70.9986 | 70.9211 | 76.4643 | 72.04 | 
67.94 | 71.0046 | 70.9351 | 76.4809 | 72.04 | 
67.94 | 71.0096 | 70.9482 | 76.4981 | 72.04 | 
67.94 | 71.0137 | 70.9604 | 76.5159 | 72.04 | 
67.94 | 71.0169 | 70.9715 | 76.5342 | 72.04 | 
67.94 | 71.0194 | 70.9815 | 76.5528 | 72.04 | 
67.94 | 71.0213 | 70.9904 | 76.5717 | 72.04 | 
67.94 | 71.0225 | 70.998 | 76.5907 | 72.04 | 
67.94 | 71.0233 | 71.0045 | 76.6096 | 72.04 | 
67.94 | 71.0237 | 71.0097 | 76.6284 | 72.04 | 
67.94 | 71.0238 | 71.0138 | 76.647 | 72.04 | 
67.94 | 71.0237 | 71.0167 | 76.6652 | 72.04 | 
67.94 | 71.0234 | 71.0185 | 76.6829 | 72.04 | 
67.94 | 71.023 | 71.0193 | 76.7001 | 72.04 | 
67.94 | 71.0226 | 71.019 | 76.7167 | 72.04 | 
67.94 | 71.0222 | 71.0179 | 76.7325 | 72.04 | 
67.94 | 71.0219 | 71.0159 | 76.7476 | 72.04 | 
67.94 | 71.0217 | 71.0131 | 76.7618 | 72.04 | 
67.94 | 71.0217 | 71.0097 | 76.7752 | 72.04 | 
67.94 | 71.0219 | 71.0058 | 76.7877 | 72.04 | 
67.94 | 71.0223 | 71.0013 | 76.7993 | 72.04 | 
67.94 | 71.0229 | 70.9964 | 76.81 | 72.04 | 
67.94 | 71.0238 | 70.9912 | 76.8198 | 72.04 | 
67.94 | 71.0249 | 70.9858 | 76.8286 | 72.04 | 
67.94 | 71.0263 | 70.9803 | 76.8365 | 72.04 | 
67.94 | 71.0279 | 70.9747 | 76.8436 | 72.04 | 
67.94 | 71.0298 | 70.9691 | 76.8498 | 72.04 | 
67.94 | 71.0319 | 70.9636 | 76.8552 | 72.04 | 
67.94 | 71.0343 | 70.9582 | 76.8598 | 72.04 | 
67.94 | 71.0368 | 70.9531 | 76.8638 | 72.04 | 
67.94 | 71.0396 | 70.9482 | 76.867 | 72.04 | 
67.94 | 71.0425 | 70.9436 | 76.8696 | 72.04 | 
67.94 | 71.0455 | 70.9393 | 76.8717 | 72.04 | 
67.94 | 71.0487 | 70.9354 | 76.8732 | 72.04 | 
67.94 | 71.0519 | 70.9319 | 76.8743 | 72.04 | 
67.94 | 71.0553 | 70.9288 | 76.875 | 72.04 | 
67.94 | 71.0586 | 70.9261 | 76.8754 | 72.04 | 
67.94 | 71.062 | 70.9239 | 76.8754 | 72.04 | 
67.94 | 71.0654 | 70.9221 | 76.8753 | 72.04 | 
67.94 | 71.0687 | 70.9207 | 76.875 | 72.04 | 
67.94 | 71.072 | 70.9197 | 76.8745 | 72.04 | 
67.94 | 71.0753 | 70.919 | 76.874 | 72.04 | 
67.94 | 71.0784 | 70.9188 | 76.8734 | 72.04 | 
67.94 | 71.0814 | 70.9189 | 76.8729 | 72.04 | 
67.94 | 71.0843 | 70.9193 | 76.8723 | 72.04 | 
67.94 | 71.0871 | 70.9201 | 76.8719 | 72.04 | 
67.94 | 71.0897 | 70.9211 | 76.8715 | 72.04 | 
67.94 | 71.0921 | 70.9223 | 76.8712 | 72.04 | 
67.94 | 71.0944 | 70.9238 | 76.8711 | 72.04 | 
67.94 | 71.0965 | 70.9254 | 76.8711 | 72.04 | 
67.94 | 71.0985 | 70.9271 | 76.8713 | 72.04 | 
67.94 | 71.1002 | 70.929 | 76.8717 | 72.04 | 
67.94 | 71.1018 | 70.9309 | 76.8722 | 72.04 | 
67.94 | 71.1033 | 70.9329 | 76.8729 | 72.04 | 
67.94 | 71.1045 | 70.9349 | 76.8737 | 72.04 | 
67.94 | 71.1056 | 70.9369 | 76.8747 | 72.04 | 
67.94 | 71.1066 | 70.9389 | 76.8759 | 72.04 | 
67.94 | 71.1073 | 70.9409 | 76.8773 | 72.04 | 
67.94 | 71.108 | 70.9427 | 76.8787 | 72.04 | 
67.94 | 71.1085 | 70.9445 | 76.8803 | 72.04 | 
67.94 | 71.1089 | 70.9461 | 76.882 | 72.04 | 
67.94 | 71.1092 | 70.9477 | 76.8838 | 72.04 | 
67.94 | 71.1094 | 70.9491 | 76.8857 | 72.04 | 
67.94 | 71.1095 | 70.9503 | 76.8876 | 72.04 | 
67.94 | 71.1096 | 70.9515 | 76.8896 | 72.04 | 
67.94 | 71.1096 | 70.9524 | 76.8916 | 72.04 | 
67.94 | 71.1095 | 70.9532 | 76.8936 | 72.04 | 
67.94 | 71.1094 | 70.9539 | 76.8956 | 72.04 | 
67.94 | 71.1092 | 70.9544 | 76.8977 | 72.04 | 
67.94 | 71.109 | 70.9548 | 76.8996 | 72.04 | 
67.94 | 71.1089 | 70.955 | 76.9016 | 72.04 | 
67.94 | 71.1087 | 70.9551 | 76.9034 | 72.04 | 
67.94 | 71.1085 | 70.9551 | 76.9052 | 72.04 | 
67.94 | 71.1083 | 70.955 | 76.907 | 72.04 | 
67.94 | 71.1081 | 70.9547 | 76.9086 | 72.04 | 
67.94 | 71.108 | 70.9544 | 76.9102 | 72.04 | 
67.94 | 71.1078 | 70.9539 | 76.9116 | 72.04 | 
67.94 | 71.1077 | 70.9534 | 76.913 | 72.04 | 
67.94 | 71.1077 | 70.9529 | 76.9142 | 72.04 | 
67.94 | 71.1077 | 70.9523 | 76.9153 | 72.04 | 
67.94 | 71.1077 | 70.9516 | 76.9164 | 72.04 | 
67.94 | 71.1077 | 70.9509 | 76.9173 | 72.04 | 
67.94 | 71.1078 | 70.9502 | 76.9181 | 72.04 | 
67.94 | 71.1079 | 70.9495 | 76.9188 | 72.04 | 
67.94 | 71.108 | 70.9488 | 76.9194 | 72.04 | 
67.94 | 71.1082 | 70.9481 | 76.9199 | 72.04 | 
67.94 | 71.1084 | 70.9474 | 76.9204 | 72.04 | 
67.94 | 71.1087 | 70.9468 | 76.9207 | 72.04 | 
67.94 | 71.109 | 70.9461 | 76.921 | 72.04 | 
67.94 | 71.1093 | 70.9455 | 76.9212 | 72.04 | 
67.94 | 71.1096 | 70.945 | 76.9213 | 72.04 | 
67.94 | 71.1099 | 70.9445 | 76.9214 | 72.04 | 
67.94 | 71.1103 | 70.9441 | 76.9214 | 72.04 | 
67.94 | 71.1106 | 70.9437 | 76.9213 | 72.04 | 
67.94 | 71.111 | 70.9433 | 76.9213 | 72.04 | 
67.94 | 71.1114 | 70.943 | 76.9212 | 72.04 | 
67.94 | 71.1117 | 70.9428 | 76.921 | 72.04 | 
67.94 | 71.1121 | 70.9426 | 76.9209 | 72.04 | 
67.94 | 71.1125 | 70.9425 | 76.9207 | 72.04 | 
67.94 | 71.1129 | 70.9424 | 76.9206 | 72.04 | 
67.94 | 71.1132 | 70.9424 | 76.9204 | 72.04 | 
67.94 | 71.1135 | 70.9424 | 76.9202 | 72.04 | 
67.94 | 71.1139 | 70.9424 | 76.9201 | 72.04 | 
67.94 | 71.1142 | 70.9425 | 76.9199 | 72.04 | 
67.94 | 71.1145 | 70.9426 | 76.9198 | 72.04 | 
67.94 | 71.1148 | 70.9428 | 76.9197 | 72.04 | 
67.94 | 71.115 | 70.943 | 76.9196 | 72.04 | 
67.94 | 71.1152 | 70.9432 | 76.9195 | 72.04 | 
67.94 | 71.1155 | 70.9434 | 76.9195 | 72.04 | 
67.94 | 71.1157 | 70.9436 | 76.9195 | 72.04 | 
67.94 | 71.1158 | 70.9438 | 76.9195 | 72.04 | 
67.94 | 71.116 | 70.9441 | 76.9195 | 72.04 | 
67.94 | 71.1161 | 70.9443 | 76.9195 | 72.04 | 
67.94 | 71.1162 | 70.9446 | 76.9196 | 72.04 | 
67.94 | 71.1163 | 70.9448 | 76.9197 | 72.04 | 
67.94 | 71.1164 | 70.9451 | 76.9198 | 72.04 | 
67.94 | 71.1165 | 70.9453 | 76.9199 | 72.04 | 
67.94 | 71.1165 | 70.9455 | 76.9201 | 72.04 | 
67.94 | 71.1166 | 70.9457 | 76.9203 | 72.04 | 
67.94 | 71.1166 | 70.9459 | 76.9204 | 72.04 | 
67.94 | 71.1166 | 70.9461 | 76.9206 | 72.04 | 
67.94 | 71.1166 | 70.9463 | 76.9208 | 72.04 | 
67.94 | 71.1166 | 70.9464 | 76.921 | 72.04 | 
67.94 | 71.1166 | 70.9465 | 76.9213 | 72.04 | 
67.94 | 71.1165 | 70.9466 | 76.9215 | 72.04 | 
67.94 | 71.1165 | 70.9467 | 76.9217 | 72.04 | 
67.94 | 71.1165 | 70.9468 | 76.9219 | 72.04 | 
67.94 | 71.1164 | 70.9468 | 76.9221 | 72.04 | 
67.94 | 71.1164 | 70.9468 | 76.9223 | 72.04 | 
67.94 | 71.1164 | 70.9469 | 76.9225 | 72.04 | 
67.94 | 71.1163 | 70.9468 | 76.9227 | 72.04 | 
67.94 | 71.1163 | 70.9468 | 76.9229 | 72.04 | 
67.94 | 71.1163 | 70.9468 | 76.9231 | 72.04 | 
67.94 | 71.1162 | 70.9467 | 76.9233 | 72.04 | 
67.94 | 71.1162 | 70.9467 | 76.9234 | 72.04 | 
67.94 | 71.1162 | 70.9466 | 76.9236 | 72.04 | 
67.94 | 71.1162 | 70.9465 | 76.9237 | 72.04 | 
67.94 | 71.1162 | 70.9465 | 76.9238 | 72.04 | 
67.94 | 71.1162 | 70.9464 | 76.9239 | 72.04 | 
67.94 | 71.1162 | 70.9463 | 76.924 | 72.04 | 
67.94 | 71.1162 | 70.9462 | 76.9241 | 72.04 | 
67.94 | 71.1162 | 70.9461 | 76.9241 | 72.04 | 
67.94 | 71.1162 | 70.946 | 76.9242 | 72.04 | 
67.94 | 71.1162 | 70.9459 | 76.9242 | 72.04 | 
67.94 | 71.1162 | 70.9458 | 76.9243 | 72.04 | 
67.94 | 71.1163 | 70.9457 | 76.9243 | 72.04 | 
67.94 | 71.1163 | 70.9457 | 76.9243 | 72.04 | 
67.94 | 71.1163 | 70.9456 | 76.9243 | 72.04 | 
67.94 | 71.1164 | 70.9455 | 76.9243 | 72.04 | 
67.94 | 71.1164 | 70.9454 | 76.9243 | 72.04 | 
67.94 | 71.1165 | 70.9454 | 76.9243 | 72.04 | 
67.94 | 71.1165 | 70.9453 | 76.9243 | 72.04 | 
67.94 | 71.1166 | 70.9453 | 76.9242 | 72.04 | 
67.94 | 71.1166 | 70.9452 | 76.9242 | 72.04 | 
67.94 | 71.1166 | 70.9452 | 76.9242 | 72.04 | 
67.94 | 71.1167 | 70.9452 | 76.9241 | 72.04 | 
67.94 | 71.1167 | 70.9452 | 76.9241 | 72.04 | 
67.94 | 71.1168 | 70.9452 | 76.9241 | 72.04 | 
67.94 | 71.1168 | 70.9451 | 76.924 | 72.04 | 
67.94 | 71.1169 | 70.9451 | 76.924 | 72.04 | 
67.94 | 71.1169 | 70.9451 | 76.924 | 72.04 | 
67.94 | 71.117 | 70.9452 | 76.9239 | 72.04 | 
67.94 | 71.117 | 70.9452 | 76.9239 | 72.04 | 
67.94 | 71.117 | 70.9452 | 76.9239 | 72.04 | 
67.94 | 71.1171 | 70.9452 | 76.9239 | 72.04 | 
67.94 | 71.1171 | 70.9452 | 76.9238 | 72.04 | 
67.94 | 71.1171 | 70.9453 | 76.9238 | 72.04 | 
67.94 | 71.1171 | 70.9453 | 76.9238 | 72.04 | 
67.94 | 71.1172 | 70.9453 | 76.9238 | 72.04 | 
67.94 | 71.1172 | 70.9453 | 76.9238 | 72.04 | 
67.94 | 71.1172 | 70.9454 | 76.9238 | 72.04 | 
67.94 | 71.1172 | 70.9454 | 76.9238 | 72.04 | 
67.94 | 71.1172 | 70.9454 | 76.9238 | 72.04 | 
67.94 | 71.1172 | 70.9454 | 76.9238 | 72.04 | 
67.94 | 71.1173 | 70.9455 | 76.9238 | 72.04 | 
67.94 | 71.1173 | 70.9455 | 76.9238 | 72.04 | 
67.94 | 71.1173 | 70.9455 | 76.9238 | 72.04 | 
67.94 | 71.1173 | 70.9455 | 76.9238 | 72.04 | 
67.94 | 71.1173 | 70.9456 | 76.9238 | 72.04 | 
67.94 | 71.1173 | 70.9456 | 76.9238 | 72.04 | 
67.94 | 71.1173 | 70.9456 | 76.9239 | 72.04 | 
67.94 | 71.1173 | 70.9456 | 76.9239 | 72.04 | 
67.94 | 71.1173 | 70.9456 | 76.9239 | 72.04 | 
67.94 | 71.1173 | 70.9456 | 76.9239 | 72.04 | 
67.94 | 71.1173 | 70.9456 | 76.9239 | 72.04 | 
67.94 | 71.1173 | 70.9456 | 76.9239 | 72.04 | 
67.94 | 71.1173 | 70.9456 | 76.924 | 72.04 | 
67.94 | 71.1173 | 70.9456 | 76.924 | 72.04 | 
67.94 | 71.1173 | 70.9456 | 76.924 | 72.04 | 
67.94 | 71.1173 | 70.9456 | 76.924 | 72.04 | 
67.94 | 71.1173 | 70.9456 | 76.924 | 72.04 | 
67.94 | 71.1173 | 70.9456 | 76.924 | 72.04 | 
67.94 | 71.1173 | 70.9456 | 76.924 | 72.04 | 
67.94 | 71.1173 | 70.9456 | 76.924 | 72.04 | 
67.94 | 71.1173 | 70.9456 | 76.9241 | 72.04 | 
67.94 | 71.1173 | 70.9456 | 76.9241 | 72.04 | 
67.94 | 71.1173 | 70.9455 | 76.9241 | 72.04 | 
67.94 | 71.1173 | 70.9455 | 76.9241 | 72.04 | 
67.94 | 71.1173 | 70.9455 | 76.9241 | 72.04 | 
67.94 | 71.1173 | 70.9455 | 76.9241 | 72.04 | 
67.94 | 71.1173 | 70.9455 | 76.9241 | 72.04 | 
67.94 | 71.1173 | 70.9455 | 76.9241 | 72.04 | 
67.94 | 71.1173 | 70.9455 | 76.9241 | 72.04 | 
67.94 | 71.1173 | 70.9454 | 76.9241 | 72.04 | 
67.94 | 71.1173 | 70.9454 | 76.924 | 72.04 | 
67.94 | 71.1173 | 70.9454 | 76.924 | 72.04 | 
67.94 | 71.1173 | 70.9454 | 76.924 | 72.04 | 
67.94 | 71.1173 | 70.9454 | 76.924 | 72.04 | 
67.94 | 71.1174 | 70.9454 | 76.924 | 72.04 | 
67.94 | 71.1174 | 70.9454 | 76.924 | 72.04 | 
67.94 | 71.1174 | 70.9454 | 76.924 | 72.04 | 
67.94 | 71.1174 | 70.9454 | 76.924 | 72.04 | 
67.94 | 71.1174 | 70.9454 | 76.924 | 72.04 | 
67.94 | 71.1174 | 70.9453 | 76.924 | 72.04 | 
67.94 | 71.1174 | 70.9453 | 76.9239 | 72.04 | 
67.94 | 71.1174 | 70.9453 | 76.9239 | 72.04 | 
67.94 | 71.1174 | 70.9453 | 76.9239 | 72.04 | 
67.94 | 71.1174 | 70.9453 | 76.9239 | 72.04 | 
67.94 | 71.1174 | 70.9453 | 76.9239 | 72.04 | 
67.94 | 71.1175 | 70.9453 | 76.9239 | 72.04 | 
67.94 | 71.1175 | 70.9453 | 76.9239 | 72.04 | 
67.94 | 71.1175 | 70.9453 | 76.9239 | 72.04 | 
67.94 | 71.1175 | 70.9453 | 76.9239 | 72.04 | 
67.94 | 71.1175 | 70.9453 | 76.9238 | 72.04 | 
67.94 | 71.1175 | 70.9453 | 76.9238 | 72.04 | 
67.94 | 71.1175 | 70.9453 | 76.9238 | 72.04 | 
67.94 | 71.1175 | 70.9453 | 76.9238 | 72.04 | 
67.94 | 71.1175 | 70.9453 | 76.9238 | 72.04 | 
67.94 | 71.1175 | 70.9453 | 76.9238 | 72.04 | 
67.94 | 71.1175 | 70.9453 | 76.9238 | 72.04 | 
67.94 | 71.1175 | 70.9453 | 76.9238 | 72.04 | 
67.94 | 71.1175 | 70.9453 | 76.9238 | 72.04 | 
67.94 | 71.1175 | 70.9453 | 76.9238 | 72.04 | 
67.94 | 71.1175 | 70.9453 | 76.9238 | 72.04 | 
67.94 | 71.1175 | 70.9453 | 76.9238 | 72.04 | 
67.94 | 71.1176 | 70.9453 | 76.9238 | 72.04 | 
67.94 | 71.1176 | 70.9453 | 76.9237 | 72.04 | 
67.94 | 71.1176 | 70.9453 | 76.9237 | 72.04 | 
67.94 | 71.1176 | 70.9453 | 76.9237 | 72.04 | 
67.94 | 71.1176 | 70.9453 | 76.9237 | 72.04 | 
67.94 | 71.1176 | 70.9453 | 76.9237 | 72.04 | 
67.94 | 71.1176 | 70.9453 | 76.9237 | 72.04 | 
67.94 | 71.1176 | 70.9453 | 76.9237 | 72.04 | 
67.94 | 71.1176 | 70.9453 | 76.9237 | 72.04 | 
67.94 | 71.1176 | 70.9453 | 76.9237 | 72.04 | 
67.94 | 71.1176 | 70.9453 | 76.9237 | 72.04 | 
67.94 | 71.1176 | 70.9453 | 76.9237 | 72.04 | 
67.94 | 71.1176 | 70.9453 | 76.9237 | 72.04 | 
67.94 | 71.1176 | 70.9453 | 76.9237 | 72.04 | 
67.94 | 71.1176 | 70.9453 | 76.9237 | 72.04 | 
67.94 | 71.1176 | 70.9453 | 76.9237 | 72.04 | 
67.94 | 71.1176 | 70.9453 | 76.9237 | 72.04 | 
67.94 | 71.1176 | 70.9453 | 76.9237 | 72.04 | 
67.94 | 71.1176 | 70.9453 | 76.9237 | 72.04 | 
67.94 | 71.1176 | 70.9453 | 76.9236 | 72.04 | 
67.94 | 71.1176 | 70.9453 | 76.9236 | 72.04 | 
67.94 | 71.1176 | 70.9453 | 76.9236 | 72.04 | 
67.94 | 71.1176 | 70.9453 | 76.9236 | 72.04 | 
67.94 | 71.1176 | 70.9453 | 76.9236 | 72.04 | 
67.94 | 71.1176 | 70.9453 | 76.9236 | 72.04 | 
67.94 | 71.1177 | 70.9452 | 76.9236 | 72.04 | 
67.94 | 71.1177 | 70.9452 | 76.9236 | 72.04 | 
67.94 | 71.1177 | 70.9452 | 76.9236 | 72.04 | 
67.94 | 71.1177 | 70.9452 | 76.9236 | 72.04 | 
67.94 | 71.1177 | 70.9452 | 76.9236 | 72.04 | 
67.94 | 71.1177 | 70.9452 | 76.9236 | 72.04 | 
67.94 | 71.1177 | 70.9452 | 76.9236 | 72.04 | 
67.94 | 71.1177 | 70.9452 | 76.9236 | 72.04 | 
67.94 | 71.1177 | 70.9452 | 76.9235 | 72.04 | 
67.94 | 71.1177 | 70.9452 | 76.9235 | 72.04 | 
67.94 | 71.1177 | 70.9452 | 76.9235 | 72.04 | 
67.94 | 71.1177 | 70.9452 | 76.9235 | 72.04 | 
67.94 | 71.1177 | 70.9452 | 76.9235 | 72.04 | 
67.94 | 71.1177 | 70.9452 | 76.9235 | 72.04 | 
67.94 | 71.1177 | 70.9452 | 76.9235 | 72.04 | 
67.94 | 71.1177 | 70.9452 | 76.9235 | 72.04 | 
67.94 | 71.1177 | 70.9452 | 76.9235 | 72.04 | 
67.94 | 71.1177 | 70.9452 | 76.9235 | 72.04 | 
67.94 | 71.1177 | 70.9452 | 76.9235 | 72.04 | 
67.94 | 71.1177 | 70.9452 | 76.9235 | 72.04 | 
67.94 | 71.1178 | 70.9452 | 76.9234 | 72.04 | 
67.94 | 71.1178 | 70.9452 | 76.9234 | 72.04 | 
67.94 | 71.1178 | 70.9452 | 76.9234 | 72.04 | 
67.94 | 71.1178 | 70.9452 | 76.9234 | 72.04 | 
67.94 | 71.1178 | 70.9452 | 76.9234 | 72.04 | 
67.94 | 71.1178 | 70.9452 | 76.9234 | 72.04 | 
67.94 | 71.1178 | 70.9452 | 76.9234 | 72.04 | 
67.94 | 71.1178 | 70.9452 | 76.9234 | 72.04 | 
67.94 | 71.1178 | 70.9452 | 76.9234 | 72.04 | 
67.94 | 71.1178 | 70.9451 | 76.9234 | 72.04 | 
67.94 | 71.1178 | 70.9451 | 76.9234 | 72.04 | 
67.94 | 71.1178 | 70.9451 | 76.9234 | 72.04 | 
67.94 | 71.1178 | 70.9451 | 76.9233 | 72.04 | 
67.94 | 71.1178 | 70.9451 | 76.9233 | 72.04 | 
67.94 | 71.1178 | 70.9451 | 76.9233 | 72.04 | 
67.94 | 71.1178 | 70.9451 | 76.9233 | 72.04 | 
67.94 | 71.1178 | 70.9451 | 76.9233 | 72.04 | 
67.94 | 71.1178 | 70.9451 | 76.9233 | 72.04 | 
67.94 | 71.1178 | 70.9451 | 76.9233 | 72.04 | 
67.94 | 71.1178 | 70.9451 | 76.9233 | 72.04 | 
67.94 | 71.1178 | 70.9451 | 76.9233 | 72.04 | 
67.94 | 71.1178 | 70.9451 | 76.9233 | 72.04 | 
67.94 | 71.1179 | 70.9451 | 76.9233 | 72.04 | 
67.94 | 71.1179 | 70.9451 | 76.9233 | 72.04 | 
67.94 | 71.1179 | 70.9451 | 76.9233 | 72.04 | 
67.94 | 71.1179 | 70.9451 | 76.9233 | 72.04 | 
67.94 | 71.1179 | 70.9451 | 76.9232 | 72.04 | 
67.94 | 71.1179 | 70.9451 | 76.9232 | 72.04 | 
67.94 | 71.1179 | 70.9451 | 76.9232 | 72.04 | 
67.94 | 71.1179 | 70.9451 | 76.9232 | 72.04 | 
67.94 | 71.1179 | 70.9451 | 76.9232 | 72.04 | 
67.94 | 71.1179 | 70.9451 | 76.9232 | 72.04 | 
67.94 | 71.1179 | 70.9451 | 76.9232 | 72.04 | 
67.94 | 71.1179 | 70.9451 | 76.9232 | 72.04 | 
67.94 | 71.1179 | 70.9451 | 76.9232 | 72.04 | 
67.94 | 71.1179 | 70.9451 | 76.9232 | 72.04 | 
67.94 | 71.1179 | 70.9451 | 76.9232 | 72.04 | 
67.94 | 71.1179 | 70.9451 | 76.9232 | 72.04 | 
67.94 | 71.1179 | 70.9451 | 76.9232 | 72.04 | 
67.94 | 71.1179 | 70.9451 | 76.9231 | 72.04 | 
67.94 | 71.1179 | 70.9451 | 76.9231 | 72.04 | 
67.94 | 71.1179 | 70.945 | 76.9231 | 72.04 | 
67.94 | 71.1179 | 70.945 | 76.9231 | 72.04 | 
67.94 | 71.1179 | 70.945 | 76.9231 | 72.04 | 
67.94 | 71.1179 | 70.945 | 76.9231 | 72.04 | 
67.94 | 71.118 | 70.945 | 76.9231 | 72.04 | 
67.94 | 71.118 | 70.945 | 76.9231 | 72.04 | 
67.94 | 71.118 | 70.945 | 76.9231 | 72.04 | 
67.94 | 71.118 | 70.945 | 76.9231 | 72.04 | 
67.94 | 71.118 | 70.945 | 76.9231 | 72.04 | 
67.94 | 71.118 | 70.945 | 76.9231 | 72.04 | 
67.94 | 71.118 | 70.945 | 76.9231 | 72.04 | 
67.94 | 71.118 | 70.945 | 76.923 | 72.04 | 
67.94 | 71.118 | 70.945 | 76.923 | 72.04 | 
67.94 | 71.118 | 70.945 | 76.923 | 72.04 | 
67.94 | 71.118 | 70.945 | 76.923 | 72.04 | 
67.94 | 71.118 | 70.945 | 76.923 | 72.04 | 
67.94 | 71.118 | 70.945 | 76.923 | 72.04 | 
67.94 | 71.118 | 70.945 | 76.923 | 72.04 | 
67.94 | 71.118 | 70.945 | 76.923 | 72.04 | 
67.94 | 71.118 | 70.945 | 76.923 | 72.04 | 
67.94 | 71.118 | 70.945 | 76.923 | 72.04 | 
67.94 | 71.118 | 70.945 | 76.923 | 72.04 | 
67.94 | 71.118 | 70.945 | 76.923 | 72.04 | 
67.94 | 71.118 | 70.945 | 76.923 | 72.04 | 
67.94 | 71.118 | 70.945 | 76.9229 | 72.04 | 
67.94 | 71.118 | 70.945 | 76.9229 | 72.04 | 
67.94 | 71.1181 | 70.945 | 76.9229 | 72.04 | 
67.94 | 71.1181 | 70.945 | 76.9229 | 72.04 | 
67.94 | 71.1181 | 70.945 | 76.9229 | 72.04 | 
67.94 | 71.1181 | 70.945 | 76.9229 | 72.04 | 
67.94 | 71.1181 | 70.945 | 76.9229 | 72.04 | 
67.94 | 71.1181 | 70.9449 | 76.9229 | 72.04 | 
67.94 | 71.1181 | 70.9449 | 76.9229 | 72.04 | 
67.94 | 71.1181 | 70.9449 | 76.9229 | 72.04 | 
67.94 | 71.1181 | 70.9449 | 76.9229 | 72.04 | 
67.94 | 71.1181 | 70.9449 | 76.9229 | 72.04 | 
67.94 | 71.1181 | 70.9449 | 76.9229 | 72.04 | 
67.94 | 71.1181 | 70.9449 | 76.9228 | 72.04 | 
67.94 | 71.1181 | 70.9449 | 76.9228 | 72.04 | 
67.94 | 71.1181 | 70.9449 | 76.9228 | 72.04 | 
67.94 | 71.1181 | 70.9449 | 76.9228 | 72.04 | 
67.94 | 71.1181 | 70.9449 | 76.9228 | 72.04 | 
67.94 | 71.1181 | 70.9449 | 76.9228 | 72.04 | 
67.94 | 71.1181 | 70.9449 | 76.9228 | 72.04 | 
67.94 | 71.1181 | 70.9449 | 76.9228 | 72.04 | 
67.94 | 71.1181 | 70.9449 | 76.9228 | 72.04 | 
67.94 | 71.1181 | 70.9449 | 76.9228 | 72.04 | 
67.94 | 71.1181 | 70.9449 | 76.9228 | 72.04 | 
67.94 | 71.1182 | 70.9449 | 76.9228 | 72.04 | 
67.94 | 71.1182 | 70.9449 | 76.9228 | 72.04 | 
67.94 | 71.1182 | 70.9449 | 76.9227 | 72.04 | 
67.94 | 71.1182 | 70.9449 | 76.9227 | 72.04 | 
67.94 | 71.1182 | 70.9449 | 76.9227 | 72.04 | 
67.94 | 71.1182 | 70.9449 | 76.9227 | 72.04 | 
67.94 | 71.1182 | 70.9449 | 76.9227 | 72.04 | 
67.94 | 71.1182 | 70.9449 | 76.9227 | 72.04 | 
67.94 | 71.1182 | 70.9449 | 76.9227 | 72.04 | 
67.94 | 71.1182 | 70.9449 | 76.9227 | 72.04 | 
67.94 | 71.1182 | 70.9449 | 76.9227 | 72.04 | 
67.94 | 71.1182 | 70.9449 | 76.9227 | 72.04 | 
67.94 | 71.1182 | 70.9449 | 76.9227 | 72.04 | 
67.94 | 71.1182 | 70.9449 | 76.9227 | 72.04 | 
67.94 | 71.1182 | 70.9449 | 76.9227 | 72.04 | 
67.94 | 71.1182 | 70.9448 | 76.9226 | 72.04 | 
67.94 | 71.1182 | 70.9448 | 76.9226 | 72.04 | 
67.94 | 71.1182 | 70.9448 | 76.9226 | 72.04 | 
67.94 | 71.1182 | 70.9448 | 76.9226 | 72.04 | 
67.94 | 71.1182 | 70.9448 | 76.9226 | 72.04 | 
67.94 | 71.1182 | 70.9448 | 76.9226 | 72.04 | 
67.94 | 71.1182 | 70.9448 | 76.9226 | 72.04 | 
67.94 | 71.1182 | 70.9448 | 76.9226 | 72.04 | 
67.94 | 71.1183 | 70.9448 | 76.9226 | 72.04 | 
67.94 | 71.1183 | 70.9448 | 76.9226 | 72.04 | 
67.94 | 71.1183 | 70.9448 | 76.9226 | 72.04 | 
67.94 | 71.1183 | 70.9448 | 76.9226 | 72.04 | 
67.94 | 71.1183 | 70.9448 | 76.9226 | 72.04 | 
67.94 | 71.1183 | 70.9448 | 76.9225 | 72.04 | 
67.94 | 71.1183 | 70.9448 | 76.9225 | 72.04 | 
67.94 | 71.1183 | 70.9448 | 76.9225 | 72.04 | 
67.94 | 71.1183 | 70.9448 | 76.9225 | 72.04 | 
67.94 | 71.1183 | 70.9448 | 76.9225 | 72.04 | 
67.94 | 71.1183 | 70.9448 | 76.9225 | 72.04 | 
67.94 | 71.1183 | 70.9448 | 76.9225 | 72.04 | 
67.94 | 71.1183 | 70.9448 | 76.9225 | 72.04 | 
67.94 | 71.1183 | 70.9448 | 76.9225 | 72.04 | 
67.94 | 71.1183 | 70.9448 | 76.9225 | 72.04 | 
67.94 | 71.1183 | 70.9448 | 76.9225 | 72.04 | 
67.94 | 71.1183 | 70.9448 | 76.9225 | 72.04 | 
67.94 | 71.1183 | 70.9448 | 76.9225 | 72.04 | 
67.94 | 71.1183 | 70.9448 | 76.9224 | 72.04 | 
67.94 | 71.1183 | 70.9448 | 76.9224 | 72.04 | 
67.94 | 71.1183 | 70.9448 | 76.9224 | 72.04 | 
67.94 | 71.1183 | 70.9448 | 76.9224 | 72.04 | 
67.94 | 71.1184 | 70.9448 | 76.9224 | 72.04 | 
67.94 | 71.1184 | 70.9448 | 76.9224 | 72.04 | 
67.94 | 71.1184 | 70.9447 | 76.9224 | 72.04 | 
67.94 | 71.1184 | 70.9447 | 76.9224 | 72.04 | 
67.94 | 71.1184 | 70.9447 | 76.9224 | 72.04 | 
67.94 | 71.1184 | 70.9447 | 76.9224 | 72.04 | 
67.94 | 71.1184 | 70.9447 | 76.9224 | 72.04 | 
67.94 | 71.1184 | 70.9447 | 76.9224 | 72.04 | 
67.94 | 71.1184 | 70.9447 | 76.9224 | 72.04 | 
67.94 | 71.1184 | 70.9447 | 76.9223 | 72.04 | 
67.94 | 71.1184 | 70.9447 | 76.9223 | 72.04 | 
67.94 | 71.1184 | 70.9447 | 76.9223 | 72.04 | 
67.94 | 71.1184 | 70.9447 | 76.9223 | 72.04 | 
67.94 | 71.1184 | 70.9447 | 76.9223 | 72.04 | 
67.94 | 71.1184 | 70.9447 | 76.9223 | 72.04 | 
67.94 | 71.1184 | 70.9447 | 76.9223 | 72.04 | 
67.94 | 71.1184 | 70.9447 | 76.9223 | 72.04 | 
67.94 | 71.1184 | 70.9447 | 76.9223 | 72.04 | 
67.94 | 71.1184 | 70.9447 | 76.9223 | 72.04 | 
67.94 | 71.1184 | 70.9447 | 76.9223 | 72.04 | 
67.94 | 71.1184 | 70.9447 | 76.9223 | 72.04 | 
67.94 | 71.1184 | 70.9447 | 76.9223 | 72.04 | 
67.94 | 71.1184 | 70.9447 | 76.9223 | 72.04 | 
67.94 | 71.1185 | 70.9447 | 76.9222 | 72.04 | 
67.94 | 71.1185 | 70.9447 | 76.9222 | 72.04 | 
67.94 | 71.1185 | 70.9447 | 76.9222 | 72.04 | 
67.94 | 71.1185 | 70.9447 | 76.9222 | 72.04 | 
67.94 | 71.1185 | 70.9447 | 76.9222 | 72.04 | 
67.94 | 71.1185 | 70.9447 | 76.9222 | 72.04 | 
67.94 | 71.1185 | 70.9447 | 76.9222 | 72.04 | 
67.94 | 71.1185 | 70.9447 | 76.9222 | 72.04 | 
67.94 | 71.1185 | 70.9447 | 76.9222 | 72.04 | 
67.94 | 71.1185 | 70.9447 | 76.9222 | 72.04 | 
67.94 | 71.1185 | 70.9447 | 76.9222 | 72.04 | 
67.94 | 71.1185 | 70.9446 | 76.9222 | 72.04 | 
67.94 | 71.1185 | 70.9446 | 76.9222 | 72.04 | 
67.94 | 71.1185 | 70.9446 | 76.9221 | 72.04 | 
67.94 | 71.1185 | 70.9446 | 76.9221 | 72.04 | 
67.94 | 71.1185 | 70.9446 | 76.9221 | 72.04 | 
67.94 | 71.1185 | 70.9446 | 76.9221 | 72.04 | 
67.94 | 71.1185 | 70.9446 | 76.9221 | 72.04 | 
67.94 | 71.1185 | 70.9446 | 76.9221 | 72.04 | 
67.94 | 71.1185 | 70.9446 | 76.9221 | 72.04 | 
67.94 | 71.1185 | 70.9446 | 76.9221 | 72.04 | 
67.94 | 71.1185 | 70.9446 | 76.9221 | 72.04 | 
67.94 | 71.1185 | 70.9446 | 76.9221 | 72.04 | 
67.94 | 71.1186 | 70.9446 | 76.9221 | 72.04 | 
67.94 | 71.1186 | 70.9446 | 76.9221 | 72.04 | 
67.94 | 71.1186 | 70.9446 | 76.9221 | 72.04 | 
67.94 | 71.1186 | 70.9446 | 76.922 | 72.04 | 
67.94 | 71.1186 | 70.9446 | 76.922 | 72.04 | 
67.94 | 71.1186 | 70.9446 | 76.922 | 72.04 | 
67.94 | 71.1186 | 70.9446 | 76.922 | 72.04 | 
67.94 | 71.1186 | 70.9446 | 76.922 | 72.04 | 
67.94 | 71.1186 | 70.9446 | 76.922 | 72.04 | 
67.94 | 71.1186 | 70.9446 | 76.922 | 72.04 | 
67.94 | 71.1186 | 70.9446 | 76.922 | 72.04 | 
67.94 | 71.1186 | 70.9446 | 76.922 | 72.04 | 
67.94 | 71.1186 | 70.9446 | 76.922 | 72.04 | 
67.94 | 71.1186 | 70.9446 | 76.922 | 72.04 | 
67.94 | 71.1186 | 70.9446 | 76.922 | 72.04 | 
67.94 | 71.1186 | 70.9446 | 76.922 | 72.04 | 
67.94 | 71.1186 | 70.9446 | 76.922 | 72.04 | 
67.94 | 71.1186 | 70.9446 | 76.9219 | 72.04 | 
67.94 | 71.1186 | 70.9446 | 76.9219 | 72.04 | 
67.94 | 71.1186 | 70.9446 | 76.9219 | 72.04 | 
67.94 | 71.1186 | 70.9445 | 76.9219 | 72.04 | 
67.94 | 71.1186 | 70.9445 | 76.9219 | 72.04 | 
67.94 | 71.1186 | 70.9445 | 76.9219 | 72.04 | 
67.94 | 71.1187 | 70.9445 | 76.9219 | 72.04 | 
67.94 | 71.1187 | 70.9445 | 76.9219 | 72.04 | 
67.94 | 71.1187 | 70.9445 | 76.9219 | 72.04 | 
67.94 | 71.1187 | 70.9445 | 76.9219 | 72.04 | 
67.94 | 71.1187 | 70.9445 | 76.9219 | 72.04 | 
67.94 | 71.1187 | 70.9445 | 76.9219 | 72.04 | 
67.94 | 71.1187 | 70.9445 | 76.9219 | 72.04 | 
67.94 | 71.1187 | 70.9445 | 76.9218 | 72.04 | 
67.94 | 71.1187 | 70.9445 | 76.9218 | 72.04 | 
67.94 | 71.1187 | 70.9445 | 76.9218 | 72.04 | 
67.94 | 71.1187 | 70.9445 | 76.9218 | 72.04 | 
67.94 | 71.1187 | 70.9445 | 76.9218 | 72.04 | 
67.94 | 71.1187 | 70.9445 | 76.9218 | 72.04 | 
67.94 | 71.1187 | 70.9445 | 76.9218 | 72.04 | 
67.94 | 71.1187 | 70.9445 | 76.9218 | 72.04 | 
67.94 | 71.1187 | 70.9445 | 76.9218 | 72.04 | 
67.94 | 71.1187 | 70.9445 | 76.9218 | 72.04 | 
67.94 | 71.1187 | 70.9445 | 76.9218 | 72.04 | 
67.94 | 71.1187 | 70.9445 | 76.9218 | 72.04 | 
67.94 | 71.1187 | 70.9445 | 76.9218 | 72.04 | 
67.94 | 71.1187 | 70.9445 | 76.9218 | 72.04 | 
67.94 | 71.1187 | 70.9445 | 76.9217 | 72.04 | 
67.94 | 71.1188 | 70.9445 | 76.9217 | 72.04 | 
67.94 | 71.1188 | 70.9445 | 76.9217 | 72.04 | 
67.94 | 71.1188 | 70.9445 | 76.9217 | 72.04 | 
67.94 | 71.1188 | 70.9445 | 76.9217 | 72.04 | 
67.94 | 71.1188 | 70.9445 | 76.9217 | 72.04 | 
67.94 | 71.1188 | 70.9445 | 76.9217 | 72.04 | 
67.94 | 71.1188 | 70.9445 | 76.9217 | 72.04 | 
67.94 | 71.1188 | 70.9445 | 76.9217 | 72.04 | 
67.94 | 71.1188 | 70.9444 | 76.9217 | 72.04 | 
67.94 | 71.1188 | 70.9444 | 76.9217 | 72.04 | 
67.94 | 71.1188 | 70.9444 | 76.9217 | 72.04 | 
67.94 | 71.1188 | 70.9444 | 76.9217 | 72.04 | 
67.94 | 71.1188 | 70.9444 | 76.9216 | 72.04 | 
67.94 | 71.1188 | 70.9444 | 76.9216 | 72.04 | 
67.94 | 71.1188 | 70.9444 | 76.9216 | 72.04 | 
67.94 | 71.1188 | 70.9444 | 76.9216 | 72.04 | 
67.94 | 71.1188 | 70.9444 | 76.9216 | 72.04 | 
67.94 | 71.1188 | 70.9444 | 76.9216 | 72.04 | 
67.94 | 71.1188 | 70.9444 | 76.9216 | 72.04 | 
67.94 | 71.1188 | 70.9444 | 76.9216 | 72.04 | 
67.94 | 71.1188 | 70.9444 | 76.9216 | 72.04 | 
67.94 | 71.1188 | 70.9444 | 76.9216 | 72.04 | 
67.94 | 71.1188 | 70.9444 | 76.9216 | 72.04 | 
67.94 | 71.1189 | 70.9444 | 76.9216 | 72.04 | 
67.94 | 71.1189 | 70.9444 | 76.9216 | 72.04 | 
67.94 | 71.1189 | 70.9444 | 76.9216 | 72.04 | 
67.94 | 71.1189 | 70.9444 | 76.9215 | 72.04 | 
67.94 | 71.1189 | 70.9444 | 76.9215 | 72.04 | 
67.94 | 71.1189 | 70.9444 | 76.9215 | 72.04 | 
67.94 | 71.1189 | 70.9444 | 76.9215 | 72.04 | 
67.94 | 71.1189 | 70.9444 | 76.9215 | 72.04 | 
67.94 | 71.1189 | 70.9444 | 76.9215 | 72.04 | 
67.94 | 71.1189 | 70.9444 | 76.9215 | 72.04 | 
67.94 | 71.1189 | 70.9444 | 76.9215 | 72.04 | 
67.94 | 71.1189 | 70.9444 | 76.9215 | 72.04 | 
67.94 | 71.1189 | 70.9444 | 76.9215 | 72.04 | 
67.94 | 71.1189 | 70.9444 | 76.9215 | 72.04 | 
67.94 | 71.1189 | 70.9444 | 76.9215 | 72.04 | 
67.94 | 71.1189 | 70.9444 | 76.9215 | 72.04 | 
67.94 | 71.1189 | 70.9444 | 76.9214 | 72.04 | 
67.94 | 71.1189 | 70.9444 | 76.9214 | 72.04 | 
67.94 | 71.1189 | 70.9443 | 76.9214 | 72.04 | 
67.94 | 71.1189 | 70.9443 | 76.9214 | 72.04 | 
67.94 | 71.1189 | 70.9443 | 76.9214 | 72.04 | 
67.94 | 71.1189 | 70.9443 | 76.9214 | 72.04 | 
67.94 | 71.1189 | 70.9443 | 76.9214 | 72.04 | 
67.94 | 71.1189 | 70.9443 | 76.9214 | 72.04 | 
67.94 | 71.119 | 70.9443 | 76.9214 | 72.04 | 
67.94 | 71.119 | 70.9443 | 76.9214 | 72.04 | 
67.94 | 71.119 | 70.9443 | 76.9214 | 72.04 | 
67.94 | 71.119 | 70.9443 | 76.9214 | 72.04 | 
67.94 | 71.119 | 70.9443 | 76.9214 | 72.04 | 
67.94 | 71.119 | 70.9443 | 76.9214 | 72.04 | 
67.94 | 71.119 | 70.9443 | 76.9213 | 72.04 | 
67.94 | 71.119 | 70.9443 | 76.9213 | 72.04 | 
67.94 | 71.119 | 70.9443 | 76.9213 | 72.04 | 
67.94 | 71.119 | 70.9443 | 76.9213 | 72.04 | 
67.94 | 71.119 | 70.9443 | 76.9213 | 72.04 | 
67.94 | 71.119 | 70.9443 | 76.9213 | 72.04 | 
67.94 | 71.119 | 70.9443 | 76.9213 | 72.04 | 
67.94 | 71.119 | 70.9443 | 76.9213 | 72.04 | 
67.94 | 71.119 | 70.9443 | 76.9213 | 72.04 | 
67.94 | 71.119 | 70.9443 | 76.9213 | 72.04 | 
67.94 | 71.119 | 70.9443 | 76.9213 | 72.04 | 
67.94 | 71.119 | 70.9443 | 76.9213 | 72.04 | 
67.94 | 71.119 | 70.9443 | 76.9213 | 72.04 | 
67.94 | 71.119 | 70.9443 | 76.9212 | 72.04 | 
67.94 | 71.119 | 70.9443 | 76.9212 | 72.04 | 
67.94 | 71.119 | 70.9443 | 76.9212 | 72.04 | 
67.94 | 71.119 | 70.9443 | 76.9212 | 72.04 | 
67.94 | 71.1191 | 70.9443 | 76.9212 | 72.04 | 
67.94 | 71.1191 | 70.9443 | 76.9212 | 72.04 | 
67.94 | 71.1191 | 70.9443 | 76.9212 | 72.04 | 
67.94 | 71.1191 | 70.9443 | 76.9212 | 72.04 | 
67.94 | 71.1191 | 70.9442 | 76.9212 | 72.04 | 
67.94 | 71.1191 | 70.9442 | 76.9212 | 72.04 | 
67.94 | 71.1191 | 70.9442 | 76.9212 | 72.04 | 
67.94 | 71.1191 | 70.9442 | 76.9212 | 72.04 | 
67.94 | 71.1191 | 70.9442 | 76.9212 | 72.04 | 
67.94 | 71.1191 | 70.9442 | 76.9212 | 72.04 | 
67.94 | 71.1191 | 70.9442 | 76.9211 | 72.04 | 
67.94 | 71.1191 | 70.9442 | 76.9211 | 72.04 | 
67.94 | 71.1191 | 70.9442 | 76.9211 | 72.04 | 
67.94 | 71.1191 | 70.9442 | 76.9211 | 72.04 | 
67.94 | 71.1191 | 70.9442 | 76.9211 | 72.04 | 
67.94 | 71.1191 | 70.9442 | 76.9211 | 72.04 | 
67.94 | 71.1191 | 70.9442 | 76.9211 | 72.04 | 
67.94 | 71.1191 | 70.9442 | 76.9211 | 72.04 | 
67.94 | 71.1191 | 70.9442 | 76.9211 | 72.04 | 
67.94 | 71.1191 | 70.9442 | 76.9211 | 72.04 | 
67.94 | 71.1191 | 70.9442 | 76.9211 | 72.04 | 
67.94 | 71.1191 | 70.9442 | 76.9211 | 72.04 | 
67.94 | 71.1191 | 70.9442 | 76.9211 | 72.04 | 
67.94 | 71.1192 | 70.9442 | 76.9211 | 72.04 | 
67.94 | 71.1192 | 70.9442 | 76.921 | 72.04 | 
67.94 | 71.1192 | 70.9442 | 76.921 | 72.04 | 
67.94 | 71.1192 | 70.9442 | 76.921 | 72.04 | 
67.94 | 71.1192 | 70.9442 | 76.921 | 72.04 | 
67.94 | 71.1192 | 70.9442 | 76.921 | 72.04 | 
67.94 | 71.1192 | 70.9442 | 76.921 | 72.04 | 
67.94 | 71.1192 | 70.9442 | 76.921 | 72.04 | 
67.94 | 71.1192 | 70.9442 | 76.921 | 72.04 | 
67.94 | 71.1192 | 70.9442 | 76.921 | 72.04 | 
67.94 | 71.1192 | 70.9442 | 76.921 | 72.04 | 
67.94 | 71.1192 | 70.9442 | 76.921 | 72.04 | 
67.94 | 71.1192 | 70.9442 | 76.921 | 72.04 | 
67.94 | 71.1192 | 70.9442 | 76.921 | 72.04 | 
67.94 | 71.1192 | 70.9441 | 76.9209 | 72.04 | 
67.94 | 71.1192 | 70.9441 | 76.9209 | 72.04 | 
67.94 | 71.1192 | 70.9441 | 76.9209 | 72.04 | 
67.94 | 71.1192 | 70.9441 | 76.9209 | 72.04 | 
67.94 | 71.1192 | 70.9441 | 76.9209 | 72.04 | 
67.94 | 71.1192 | 70.9441 | 76.9209 | 72.04 | 
67.94 | 71.1192 | 70.9441 | 76.9209 | 72.04 | 
67.94 | 71.1192 | 70.9441 | 76.9209 | 72.04 | 
67.94 | 71.1192 | 70.9441 | 76.9209 | 72.04 | 
67.94 | 71.1193 | 70.9441 | 76.9209 | 72.04 | 
67.94 | 71.1193 | 70.9441 | 76.9209 | 72.04 | 
67.94 | 71.1193 | 70.9441 | 76.9209 | 72.04 | 
67.94 | 71.1193 | 70.9441 | 76.9209 | 72.04 | 
67.94 | 71.1193 | 70.9441 | 76.9209 | 72.04 | 
67.94 | 71.1193 | 70.9441 | 76.9208 | 72.04 | 
67.94 | 71.1193 | 70.9441 | 76.9208 | 72.04 | 
67.94 | 71.1193 | 70.9441 | 76.9208 | 72.04 | 
67.94 | 71.1193 | 70.9441 | 76.9208 | 72.04 | 
67.94 | 71.1193 | 70.9441 | 76.9208 | 72.04 | 
67.94 | 71.1193 | 70.9441 | 76.9208 | 72.04 | 
67.94 | 71.1193 | 70.9441 | 76.9208 | 72.04 | 
67.94 | 71.1193 | 70.9441 | 76.9208 | 72.04 | 
67.94 | 71.1193 | 70.9441 | 76.9208 | 72.04 | 
67.94 | 71.1193 | 70.9441 | 76.9208 | 72.04 | 
67.94 | 71.1193 | 70.9441 | 76.9208 | 72.04 | 
67.94 | 71.1193 | 70.9441 | 76.9208 | 72.04 | 
67.94 | 71.1193 | 70.9441 | 76.9208 | 72.04 | 
67.94 | 71.1193 | 70.9441 | 76.9208 | 72.04 | 
67.94 | 71.1193 | 70.9441 | 76.9207 | 72.04 | 
67.94 | 71.1193 | 70.9441 | 76.9207 | 72.04 | 
67.94 | 71.1193 | 70.9441 | 76.9207 | 72.04 | 
67.94 | 71.1193 | 70.9441 | 76.9207 | 72.04 | 
67.94 | 71.1193 | 70.9441 | 76.9207 | 72.04 | 
67.94 | 71.1194 | 70.944 | 76.9207 | 72.04 | 
67.94 | 71.1194 | 70.944 | 76.9207 | 72.04 | 
67.94 | 71.1194 | 70.944 | 76.9207 | 72.04 | 
67.94 | 71.1194 | 70.944 | 76.9207 | 72.04 | 
67.94 | 71.1194 | 70.944 | 76.9207 | 72.04 | 
67.94 | 71.1194 | 70.944 | 76.9207 | 72.04 | 
67.94 | 71.1194 | 70.944 | 76.9207 | 72.04 | 
67.94 | 71.1194 | 70.944 | 76.9207 | 72.04 | 
67.94 | 71.1194 | 70.944 | 76.9207 | 72.04 | 
67.94 | 71.1194 | 70.944 | 76.9206 | 72.04 | 
67.94 | 71.1194 | 70.944 | 76.9206 | 72.04 | 
67.94 | 71.1194 | 70.944 | 76.9206 | 72.04 | 
67.94 | 71.1194 | 70.944 | 76.9206 | 72.04 | 
67.94 | 71.1194 | 70.944 | 76.9206 | 72.04 | 
67.94 | 71.1194 | 70.944 | 76.9206 | 72.04 | 
67.94 | 71.1194 | 70.944 | 76.9206 | 72.04 | 
67.94 | 71.1194 | 70.944 | 76.9206 | 72.04 | 
67.94 | 71.1194 | 70.944 | 76.9206 | 72.04 | 
67.94 | 71.1194 | 70.944 | 76.9206 | 72.04 | 
67.94 | 71.1194 | 70.944 | 76.9206 | 72.04 | 
67.94 | 71.1194 | 70.944 | 76.9206 | 72.04 | 
67.94 | 71.1194 | 70.944 | 76.9206 | 72.04 | 
67.94 | 71.1194 | 70.944 | 76.9206 | 72.04 | 
67.94 | 71.1195 | 70.944 | 76.9205 | 72.04 | 
67.94 | 71.1195 | 70.944 | 76.9205 | 72.04 | 
67.94 | 71.1195 | 70.944 | 76.9205 | 72.04 | 
67.94 | 71.1195 | 70.944 | 76.9205 | 72.04 | 
67.94 | 71.1195 | 70.944 | 76.9205 | 72.04 | 
67.94 | 71.1195 | 70.944 | 76.9205 | 72.04 | 
67.94 | 71.1195 | 70.944 | 76.9205 | 72.04 | 
67.94 | 71.1195 | 70.944 | 76.9205 | 72.04 | 
67.94 | 71.1195 | 70.944 | 76.9205 | 72.04 | 
67.94 | 71.1195 | 70.944 | 76.9205 | 72.04 | 
67.94 | 71.1195 | 70.944 | 76.9205 | 72.04 | 
67.94 | 71.1195 | 70.9439 | 76.9205 | 72.04 | 
67.94 | 71.1195 | 70.9439 | 76.9205 | 72.04 | 
67.94 | 71.1195 | 70.9439 | 76.9205 | 72.04 | 
67.94 | 71.1195 | 70.9439 | 76.9204 | 72.04 | 
67.94 | 71.1195 | 70.9439 | 76.9204 | 72.04 | 
67.94 | 71.1195 | 70.9439 | 76.9204 | 72.04 | 
67.94 | 71.1195 | 70.9439 | 76.9204 | 72.04 | 
67.94 | 71.1195 | 70.9439 | 76.9204 | 72.04 | 
67.94 | 71.1195 | 70.9439 | 76.9204 | 72.04 | 
67.94 | 71.1195 | 70.9439 | 76.9204 | 72.04 | 
67.94 | 71.1195 | 70.9439 | 76.9204 | 72.04 | 
67.94 | 71.1195 | 70.9439 | 76.9204 | 72.04 | 
67.94 | 71.1195 | 70.9439 | 76.9204 | 72.04 | 
67.94 | 71.1196 | 70.9439 | 76.9204 | 72.04 | 
67.94 | 71.1196 | 70.9439 | 76.9204 | 72.04 | 
67.94 | 71.1196 | 70.9439 | 76.9204 | 72.04 | 
67.94 | 71.1196 | 70.9439 | 76.9204 | 72.04 | 
67.94 | 71.1196 | 70.9439 | 76.9203 | 72.04 | 
67.94 | 71.1196 | 70.9439 | 76.9203 | 72.04 | 
67.94 | 71.1196 | 70.9439 | 76.9203 | 72.04 | 
67.94 | 71.1196 | 70.9439 | 76.9203 | 72.04 | 
67.94 | 71.1196 | 70.9439 | 76.9203 | 72.04 | 
67.94 | 71.1196 | 70.9439 | 76.9203 | 72.04 | 
67.94 | 71.1196 | 70.9439 | 76.9203 | 72.04 | 
67.94 | 71.1196 | 70.9439 | 76.9203 | 72.04 | 
67.94 | 71.1196 | 70.9439 | 76.9203 | 72.04 | 
67.94 | 71.1196 | 70.9439 | 76.9203 | 72.04 | 
67.94 | 71.1196 | 70.9439 | 76.9203 | 72.04 | 
67.94 | 71.1196 | 70.9439 | 76.9203 | 72.04 | 
67.94 | 71.1196 | 70.9439 | 76.9203 | 72.04 | 
67.94 | 71.1196 | 70.9439 | 76.9203 | 72.04 | 
67.94 | 71.1196 | 70.9439 | 76.9202 | 72.04 | 
67.94 | 71.1196 | 70.9439 | 76.9202 | 72.04 | 
67.94 | 71.1196 | 70.9439 | 76.9202 | 72.04 | 
67.94 | 71.1196 | 70.9438 | 76.9202 | 72.04 | 
67.94 | 71.1196 | 70.9438 | 76.9202 | 72.04 | 
67.94 | 71.1196 | 70.9438 | 76.9202 | 72.04 | 
67.94 | 71.1197 | 70.9438 | 76.9202 | 72.04 | 
67.94 | 71.1197 | 70.9438 | 76.9202 | 72.04 | 
67.94 | 71.1197 | 70.9438 | 76.9202 | 72.04 | 
67.94 | 71.1197 | 70.9438 | 76.9202 | 72.04 | 
67.94 | 71.1197 | 70.9438 | 76.9202 | 72.04 | 
67.94 | 71.1197 | 70.9438 | 76.9202 | 72.04 | 
67.94 | 71.1197 | 70.9438 | 76.9202 | 72.04 | 
67.94 | 71.1197 | 70.9438 | 76.9202 | 72.04 | 
67.94 | 71.1197 | 70.9438 | 76.9201 | 72.04 | 
67.94 | 71.1197 | 70.9438 | 76.9201 | 72.04 | 
67.94 | 71.1197 | 70.9438 | 76.9201 | 72.04 | 
67.94 | 71.1197 | 70.9438 | 76.9201 | 72.04 | 
67.94 | 71.1197 | 70.9438 | 76.9201 | 72.04 | 
67.94 | 71.1197 | 70.9438 | 76.9201 | 72.04 | 
67.94 | 71.1197 | 70.9438 | 76.9201 | 72.04 | 
67.94 | 71.1197 | 70.9438 | 76.9201 | 72.04 | 
67.94 | 71.1197 | 70.9438 | 76.9201 | 72.04 | 
67.94 | 71.1197 | 70.9438 | 76.9201 | 72.04 | 
67.94 | 71.1197 | 70.9438 | 76.9201 | 72.04 | 
67.94 | 71.1197 | 70.9438 | 76.9201 | 72.04 | 
67.94 | 71.1197 | 70.9438 | 76.9201 | 72.04 | 
67.94 | 71.1197 | 70.9438 | 76.9201 | 72.04 | 
67.94 | 71.1197 | 70.9438 | 76.92 | 72.04 | 
67.94 | 71.1197 | 70.9438 | 76.92 | 72.04 | 
67.94 | 71.1198 | 70.9438 | 76.92 | 72.04 | 
67.94 | 71.1198 | 70.9438 | 76.92 | 72.04 | 
67.94 | 71.1198 | 70.9438 | 76.92 | 72.04 | 
67.94 | 71.1198 | 70.9438 | 76.92 | 72.04 | 
67.94 | 71.1198 | 70.9438 | 76.92 | 72.04 | 
67.94 | 71.1198 | 70.9438 | 76.92 | 72.04 | 
67.94 | 71.1198 | 70.9438 | 76.92 | 72.04 | 
67.94 | 71.1198 | 70.9437 | 76.92 | 72.04 | 
67.94 | 71.1198 | 70.9437 | 76.92 | 72.04 | 
67.94 | 71.1198 | 70.9437 | 76.92 | 72.04 | 
67.94 | 71.1198 | 70.9437 | 76.92 | 72.04 | 
67.94 | 71.1198 | 70.9437 | 76.92 | 72.04 | 
67.94 | 71.1198 | 70.9437 | 76.9199 | 72.04 | 
67.94 | 71.1198 | 70.9437 | 76.9199 | 72.04 | 
67.94 | 71.1198 | 70.9437 | 76.9199 | 72.04 | 
67.94 | 71.1198 | 70.9437 | 76.9199 | 72.04 | 
67.94 | 71.1198 | 70.9437 | 76.9199 | 72.04 | 
67.94 | 71.1198 | 70.9437 | 76.9199 | 72.04 | 
67.94 | 71.1198 | 70.9437 | 76.9199 | 72.04 | 
67.94 | 71.1198 | 70.9437 | 76.9199 | 72.04 | 
67.94 | 71.1198 | 70.9437 | 76.9199 | 72.04 | 
67.94 | 71.1198 | 70.9437 | 76.9199 | 72.04 | 
67.94 | 71.1198 | 70.9437 | 76.9199 | 72.04 | 
67.94 | 71.1198 | 70.9437 | 76.9199 | 72.04 | 
67.94 | 71.1199 | 70.9437 | 76.9199 | 72.04 | 
67.94 | 71.1199 | 70.9437 | 76.9199 | 72.04 | 
67.94 | 71.1199 | 70.9437 | 76.9198 | 72.04 | 
67.94 | 71.1199 | 70.9437 | 76.9198 | 72.04 | 
67.94 | 71.1199 | 70.9437 | 76.9198 | 72.04 | 
67.94 | 71.1199 | 70.9437 | 76.9198 | 72.04 | 
67.94 | 71.1199 | 70.9437 | 76.9198 | 72.04 | 
67.94 | 71.1199 | 70.9437 | 76.9198 | 72.04 | 
67.94 | 71.1199 | 70.9437 | 76.9198 | 72.04 | 
67.94 | 71.1199 | 70.9437 | 76.9198 | 72.04 | 
67.94 | 71.1199 | 70.9437 | 76.9198 | 72.04 | 
67.94 | 71.1199 | 70.9437 | 76.9198 | 72.04 | 
67.94 | 71.1199 | 70.9437 | 76.9198 | 72.04 | 
67.94 | 71.1199 | 70.9437 | 76.9198 | 72.04 | 
67.94 | 71.1199 | 70.9437 | 76.9198 | 72.04 | 
67.94 | 71.1199 | 70.9437 | 76.9198 | 72.04 | 
67.94 | 71.1199 | 70.9437 | 76.9197 | 72.04 | 
67.94 | 71.1199 | 70.9436 | 76.9197 | 72.04 | 
67.94 | 71.1199 | 70.9436 | 76.9197 | 72.04 | 
67.94 | 71.1199 | 70.9436 | 76.9197 | 72.04 | 
67.94 | 71.1199 | 70.9436 | 76.9197 | 72.04 | 
67.94 | 71.1199 | 70.9436 | 76.9197 | 72.04 | 
67.94 | 71.1199 | 70.9436 | 76.9197 | 72.04 | 
67.94 | 71.1199 | 70.9436 | 76.9197 | 72.04 | 
67.94 | 71.12 | 70.9436 | 76.9197 | 72.04 | 
67.94 | 71.12 | 70.9436 | 76.9197 | 72.04 | 
67.94 | 71.12 | 70.9436 | 76.9197 | 72.04 | 
67.94 | 71.12 | 70.9436 | 76.9197 | 72.04 | 
67.94 | 71.12 | 70.9436 | 76.9197 | 72.04 | 
67.94 | 71.12 | 70.9436 | 76.9197 | 72.04 | 
67.94 | 71.12 | 70.9436 | 76.9196 | 72.04 | 
67.94 | 71.12 | 70.9436 | 76.9196 | 72.04 | 
67.94 | 71.12 | 70.9436 | 76.9196 | 72.04 | 
67.94 | 71.12 | 70.9436 | 76.9196 | 72.04 | 
67.94 | 71.12 | 70.9436 | 76.9196 | 72.04 | 
67.94 | 71.12 | 70.9436 | 76.9196 | 72.04 | 
67.94 | 71.12 | 70.9436 | 76.9196 | 72.04 | 
67.94 | 71.12 | 70.9436 | 76.9196 | 72.04 | 
67.94 | 71.12 | 70.9436 | 76.9196 | 72.04 | 
67.94 | 71.12 | 70.9436 | 76.9196 | 72.04 | 
67.94 | 71.12 | 70.9436 | 76.9196 | 72.04 | 
67.94 | 71.12 | 70.9436 | 76.9196 | 72.04 | 
67.94 | 71.12 | 70.9436 | 76.9196 | 72.04 | 
67.94 | 71.12 | 70.9436 | 76.9196 | 72.04 | 
67.94 | 71.12 | 70.9436 | 76.9196 | 72.04 | 
67.94 | 71.12 | 70.9436 | 76.9195 | 72.04 | 
67.94 | 71.12 | 70.9436 | 76.9195 | 72.04 | 
67.94 | 71.12 | 70.9436 | 76.9195 | 72.04 | 
67.94 | 71.1201 | 70.9436 | 76.9195 | 72.04 | 
67.94 | 71.1201 | 70.9436 | 76.9195 | 72.04 | 
67.94 | 71.1201 | 70.9436 | 76.9195 | 72.04 | 
67.94 | 71.1201 | 70.9436 | 76.9195 | 72.04 | 
67.94 | 71.1201 | 70.9435 | 76.9195 | 72.04 | 
67.94 | 71.1201 | 70.9435 | 76.9195 | 72.04 | 
67.94 | 71.1201 | 70.9435 | 76.9195 | 72.04 | 
67.94 | 71.1201 | 70.9435 | 76.9195 | 72.04 | 
67.94 | 71.1201 | 70.9435 | 76.9195 | 72.04 | 
67.94 | 71.1201 | 70.9435 | 76.9195 | 72.04 | 
67.94 | 71.1201 | 70.9435 | 76.9195 | 72.04 | 
67.94 | 71.1201 | 70.9435 | 76.9194 | 72.04 | 
67.94 | 71.1201 | 70.9435 | 76.9194 | 72.04 | 
67.94 | 71.1201 | 70.9435 | 76.9194 | 72.04 | 
67.94 | 71.1201 | 70.9435 | 76.9194 | 72.04 | 
67.94 | 71.1201 | 70.9435 | 76.9194 | 72.04 | 
67.94 | 71.1201 | 70.9435 | 76.9194 | 72.04 | 
67.94 | 71.1201 | 70.9435 | 76.9194 | 72.04 | 
67.94 | 71.1201 | 70.9435 | 76.9194 | 72.04 | 
67.94 | 71.1201 | 70.9435 | 76.9194 | 72.04 | 
67.94 | 71.1201 | 70.9435 | 76.9194 | 72.04 | 
67.94 | 71.1201 | 70.9435 | 76.9194 | 72.04 | 
67.94 | 71.1201 | 70.9435 | 76.9194 | 72.04 | 
67.94 | 71.1201 | 70.9435 | 76.9194 | 72.04 | 
67.94 | 71.1202 | 70.9435 | 76.9194 | 72.04 | 
67.94 | 71.1202 | 70.9435 | 76.9193 | 72.04 | 
67.94 | 71.1202 | 70.9435 | 76.9193 | 72.04 | 
67.94 | 71.1202 | 70.9435 | 76.9193 | 72.04 | 
67.94 | 71.1202 | 70.9435 | 76.9193 | 72.04 | 
67.94 | 71.1202 | 70.9435 | 76.9193 | 72.04 | 
67.94 | 71.1202 | 70.9435 | 76.9193 | 72.04 | 
67.94 | 71.1202 | 70.9435 | 76.9193 | 72.04 | 
67.94 | 71.1202 | 70.9435 | 76.9193 | 72.04 | 
67.94 | 71.1202 | 70.9435 | 76.9193 | 72.04 | 
67.94 | 71.1202 | 70.9435 | 76.9193 | 72.04 | 
67.94 | 71.1202 | 70.9435 | 76.9193 | 72.04 | 
67.94 | 71.1202 | 70.9435 | 76.9193 | 72.04 | 
67.94 | 71.1202 | 70.9435 | 76.9193 | 72.04 | 
67.94 | 71.1202 | 70.9434 | 76.9193 | 72.04 | 
67.94 | 71.1202 | 70.9434 | 76.9193 | 72.04 | 
67.94 | 71.1202 | 70.9434 | 76.9192 | 72.04 | 
67.94 | 71.1202 | 70.9434 | 76.9192 | 72.04 | 
67.94 | 71.1202 | 70.9434 | 76.9192 | 72.04 | 
67.94 | 71.1202 | 70.9434 | 76.9192 | 72.04 | 
67.94 | 71.1202 | 70.9434 | 76.9192 | 72.04 | 
67.94 | 71.1202 | 70.9434 | 76.9192 | 72.04 | 
67.94 | 71.1202 | 70.9434 | 76.9192 | 72.04 | 
67.94 | 71.1202 | 70.9434 | 76.9192 | 72.04 | 
67.94 | 71.1203 | 70.9434 | 76.9192 | 72.04 | 
67.94 | 71.1203 | 70.9434 | 76.9192 | 72.04 | 
67.94 | 71.1203 | 70.9434 | 76.9192 | 72.04 | 
67.94 | 71.1203 | 70.9434 | 76.9192 | 72.04 | 
67.94 | 71.1203 | 70.9434 | 76.9192 | 72.04 | 
67.94 | 71.1203 | 70.9434 | 76.9192 | 72.04 | 
67.94 | 71.1203 | 70.9434 | 76.9191 | 72.04 | 
67.94 | 71.1203 | 70.9434 | 76.9191 | 72.04 | 
67.94 | 71.1203 | 70.9434 | 76.9191 | 72.04 | 
67.94 | 71.1203 | 70.9434 | 76.9191 | 72.04 | 
67.94 | 71.1203 | 70.9434 | 76.9191 | 72.04 | 
67.94 | 71.1203 | 70.9434 | 76.9191 | 72.04 | 
67.94 | 71.1203 | 70.9434 | 76.9191 | 72.04 | 
67.94 | 71.1203 | 70.9434 | 76.9191 | 72.04 | 
67.94 | 71.1203 | 70.9434 | 76.9191 | 72.04 | 
67.94 | 71.1203 | 70.9434 | 76.9191 | 72.04 | 
67.94 | 71.1203 | 70.9434 | 76.9191 | 72.04 | 
67.94 | 71.1203 | 70.9434 | 76.9191 | 72.04 | 
67.94 | 71.1203 | 70.9434 | 76.9191 | 72.04 | 
67.94 | 71.1203 | 70.9434 | 76.9191 | 72.04 | 
67.94 | 71.1203 | 70.9434 | 76.9191 | 72.04 | 
67.94 | 71.1203 | 70.9434 | 76.919 | 72.04 | 
67.94 | 71.1203 | 70.9434 | 76.919 | 72.04 | 
67.94 | 71.1203 | 70.9434 | 76.919 | 72.04 | 
67.94 | 71.1204 | 70.9434 | 76.919 | 72.04 | 
67.94 | 71.1204 | 70.9433 | 76.919 | 72.04 | 
67.94 | 71.1204 | 70.9433 | 76.919 | 72.04 | 
67.94 | 71.1204 | 70.9433 | 76.919 | 72.04 | 
67.94 | 71.1204 | 70.9433 | 76.919 | 72.04 | 
67.94 | 71.1204 | 70.9433 | 76.919 | 72.04 | 
67.94 | 71.1204 | 70.9433 | 76.919 | 72.04 | 
67.94 | 71.1204 | 70.9433 | 76.919 | 72.04 | 
67.94 | 71.1204 | 70.9433 | 76.919 | 72.04 | 
67.94 | 71.1204 | 70.9433 | 76.919 | 72.04 | 
67.94 | 71.1204 | 70.9433 | 76.919 | 72.04 | 
67.94 | 71.1204 | 70.9433 | 76.9189 | 72.04 | 
67.94 | 71.1204 | 70.9433 | 76.9189 | 72.04 | 
67.94 | 71.1204 | 70.9433 | 76.9189 | 72.04 | 
67.94 | 71.1204 | 70.9433 | 76.9189 | 72.04 | 
67.94 | 71.1204 | 70.9433 | 76.9189 | 72.04 | 
67.94 | 71.1204 | 70.9433 | 76.9189 | 72.04 | 
67.94 | 71.1204 | 70.9433 | 76.9189 | 72.04 | 
67.94 | 71.1204 | 70.9433 | 76.9189 | 72.04 | 
67.94 | 71.1204 | 70.9433 | 76.9189 | 72.04 | 
67.94 | 71.1204 | 70.9433 | 76.9189 | 72.04 | 
67.94 | 71.1204 | 70.9433 | 76.9189 | 72.04 | 
67.94 | 71.1204 | 70.9433 | 76.9189 | 72.04 | 
67.94 | 71.1204 | 70.9433 | 76.9189 | 72.04 | 
67.94 | 71.1204 | 70.9433 | 76.9189 | 72.04 | 
67.94 | 71.1205 | 70.9433 | 76.9189 | 72.04 | 
67.94 | 71.1205 | 70.9433 | 76.9188 | 72.04 | 
67.94 | 71.1205 | 70.9433 | 76.9188 | 72.04 | 
67.94 | 71.1205 | 70.9433 | 76.9188 | 72.04 | 
67.94 | 71.1205 | 70.9433 | 76.9188 | 72.04 | 
67.94 | 71.1205 | 70.9433 | 76.9188 | 72.04 | 
67.94 | 71.1205 | 70.9433 | 76.9188 | 72.04 | 
67.94 | 71.1205 | 70.9433 | 76.9188 | 72.04 | 
67.94 | 71.1205 | 70.9433 | 76.9188 | 72.04 | 
67.94 | 71.1205 | 70.9433 | 76.9188 | 72.04 | 
67.94 | 71.1205 | 70.9433 | 76.9188 | 72.04 | 
67.94 | 71.1205 | 70.9433 | 76.9188 | 72.04 | 
67.94 | 71.1205 | 70.9432 | 76.9188 | 72.04 | 
67.94 | 71.1205 | 70.9432 | 76.9188 | 72.04 | 
67.94 | 71.1205 | 70.9432 | 76.9188 | 72.04 | 
67.94 | 71.1205 | 70.9432 | 76.9187 | 72.04 | 
67.94 | 71.1205 | 70.9432 | 76.9187 | 72.04 | 
67.94 | 71.1205 | 70.9432 | 76.9187 | 72.04 | 
67.94 | 71.1205 | 70.9432 | 76.9187 | 72.04 | 
67.94 | 71.1205 | 70.9432 | 76.9187 | 72.04 | 
67.94 | 71.1205 | 70.9432 | 76.9187 | 72.04 | 
