160 | 160 | 150.993 | 147.99 | 156.998 | 153.995 | 
160 | 159.298 | 151.654 | 147.973 | 155.276 | 147.99 | 
160 | 158.688 | 152.149 | 148.032 | 153.781 | 147.99 | 
160 | 158.159 | 152.51 | 148.14 | 152.49 | 147.99 | 
160 | 157.701 | 152.763 | 148.274 | 151.382 | 147.99 | 
160 | 157.303 | 152.93 | 148.42 | 150.436 | 147.99 | 
160 | 156.958 | 153.031 | 148.564 | 149.632 | 147.99 | 
160 | 156.659 | 153.079 | 148.701 | 148.95 | 147.99 | 
160 | 156.399 | 153.087 | 148.825 | 148.374 | 147.99 | 
160 | 156.174 | 153.065 | 148.934 | 147.888 | 147.99 | 
160 | 155.979 | 153.02 | 149.026 | 147.479 | 147.99 | 
160 | 155.809 | 152.959 | 149.1 | 147.135 | 147.99 | 
160 | 155.663 | 152.887 | 149.158 | 146.844 | 147.99 | 
160 | 155.535 | 152.807 | 149.2 | 146.598 | 147.99 | 
160 | 155.425 | 152.724 | 149.227 | 146.39 | 147.99 | 
160 | 155.329 | 152.64 | 149.241 | 146.212 | 147.99 | 
160 | 155.247 | 152.556 | 149.244 | 146.06 | 147.99 | 
160 | 155.175 | 152.473 | 149.237 | 145.928 | 147.99 | 
160 | 155.113 | 152.394 | 149.221 | 145.813 | 147.99 | 
160 | 155.059 | 152.318 | 149.199 | 145.711 | 147.99 | 
160 | 155.013 | 152.245 | 149.17 | 145.62 | 147.99 | 
160 | 154.972 | 152.178 | 149.138 | 145.538 | 147.99 | 
160 | 154.938 | 152.114 | 149.101 | 145.463 | 147.99 | 
160 | 154.907 | 152.055 | 149.063 | 145.394 | 147.99 | 
160 | 154.882 | 152.001 | 149.023 | 145.33 | 147.99 | 
160 | 154.859 | 151.95 | 148.982 | 145.27 | 147.99 | 
160 | 154.84 | 151.904 | 148.94 | 145.213 | 147.99 | 
160 | 154.823 | 151.862 | 148.899 | 145.159 | 147.99 | 
160 | 154.809 | 151.823 | 148.858 | 145.108 | 147.99 | 
160 | 154.797 | 151.788 | 148.819 | 145.059 | 147.99 | 
160 | 154.786 | 151.757 | 148.781 | 145.012 | 147.99 | 
160 | 154.777 | 151.728 | 148.744 | 144.966 | 147.99 | 
160 | 154.769 | 151.702 | 148.708 | 144.923 | 147.99 | 
160 | 154.763 | 151.678 | 148.675 | 144.881 | 147.99 | 
160 | 154.757 | 151.657 | 148.643 | 144.842 | 147.99 | 
160 | 154.752 | 151.638 | 148.613 | 144.803 | 147.99 | 
160 | 154.748 | 151.621 | 148.584 | 144.767 | 147.99 | 
160 | 154.745 | 151.606 | 148.558 | 144.732 | 147.99 | 
160 | 154.742 | 151.593 | 148.533 | 144.699 | 147.99 | 
160 | 154.74 | 151.581 | 148.51 | 144.667 | 147.99 | 
160 | 154.738 | 151.57 | 148.488 | 144.637 | 147.99 | 
160 | 154.737 | 151.561 | 148.468 | 144.609 | 147.99 | 
160 | 154.736 | 151.552 | 148.45 | 144.582 | 147.99 | 
160 | 154.735 | 151.545 | 148.433 | 144.557 | 147.99 | 
160 | 154.734 | 151.538 | 148.418 | 144.533 | 147.99 | 
160 | 154.734 | 151.532 | 148.403 | 144.51 | 147.99 | 
160 | 154.733 | 151.527 | 148.39 | 144.489 | 147.99 | 
160 | 154.733 | 151.523 | 148.378 | 144.47 | 147.99 | 
160 | 154.733 | 151.519 | 148.367 | 144.451 | 147.99 | 
160 | 154.733 | 151.516 | 148.357 | 144.434 | 147.99 | 
160 | 154.734 | 151.513 | 148.348 | 144.418 | 147.99 | 
160 | 154.734 | 151.511 | 148.34 | 144.403 | 147.99 | 
160 | 154.735 | 151.509 | 148.332 | 144.389 | 147.99 | 
160 | 154.735 | 151.507 | 148.325 | 144.377 | 147.99 | 
160 | 154.736 | 151.505 | 148.319 | 144.365 | 147.99 | 
160 | 154.736 | 151.504 | 148.314 | 144.354 | 147.99 | 
160 | 154.737 | 151.503 | 148.309 | 144.344 | 147.99 | 
160 | 154.737 | 151.502 | 148.304 | 144.334 | 147.99 | 
160 | 154.738 | 151.502 | 148.3 | 144.326 | 147.99 | 
160 | 154.739 | 151.501 | 148.297 | 144.318 | 147.99 | 
160 | 154.74 | 151.501 | 148.293 | 144.311 | 147.99 | 
160 | 154.74 | 151.501 | 148.291 | 144.304 | 147.99 | 
160 | 154.741 | 151.501 | 148.288 | 144.298 | 147.99 | 
160 | 154.742 | 151.501 | 148.286 | 144.293 | 147.99 | 
160 | 154.743 | 151.501 | 148.284 | 144.288 | 147.99 | 
160 | 154.744 | 151.501 | 148.282 | 144.283 | 147.99 | 
160 | 154.745 | 151.501 | 148.28 | 144.279 | 147.99 | 
160 | 154.746 | 151.502 | 148.279 | 144.276 | 147.99 | 
160 | 154.746 | 151.502 | 148.278 | 144.272 | 147.99 | 
160 | 154.747 | 151.503 | 148.277 | 144.269 | 147.99 | 
160 | 154.748 | 151.503 | 148.276 | 144.267 | 147.99 | 
160 | 154.749 | 151.504 | 148.275 | 144.264 | 147.99 | 
160 | 154.75 | 151.504 | 148.274 | 144.262 | 147.99 | 
160 | 154.751 | 151.505 | 148.274 | 144.26 | 147.99 | 
160 | 154.752 | 151.505 | 148.273 | 144.259 | 147.99 | 
160 | 154.753 | 151.506 | 148.273 | 144.257 | 147.99 | 
160 | 154.754 | 151.507 | 148.272 | 144.256 | 147.99 | 
160 | 154.754 | 151.507 | 148.272 | 144.255 | 147.99 | 
160 | 154.755 | 151.508 | 148.272 | 144.254 | 147.99 | 
160 | 154.756 | 151.509 | 148.272 | 144.253 | 147.99 | 
160 | 154.757 | 151.509 | 148.272 | 144.252 | 147.99 | 
160 | 154.758 | 151.51 | 148.272 | 144.252 | 147.99 | 
160 | 154.759 | 151.511 | 148.272 | 144.251 | 147.99 | 
160 | 154.76 | 151.511 | 148.272 | 144.251 | 147.99 | 
160 | 154.761 | 151.512 | 148.272 | 144.251 | 147.99 | 
160 | 154.762 | 151.513 | 148.272 | 144.25 | 147.99 | 
160 | 154.763 | 151.514 | 148.272 | 144.25 | 147.99 | 
160 | 154.763 | 151.514 | 148.272 | 144.25 | 147.99 | 
160 | 154.764 | 151.515 | 148.272 | 144.25 | 147.99 | 
160 | 154.765 | 151.516 | 148.272 | 144.25 | 147.99 | 
160 | 154.766 | 151.517 | 148.273 | 144.25 | 147.99 | 
160 | 154.767 | 151.517 | 148.273 | 144.25 | 147.99 | 
160 | 154.768 | 151.518 | 148.273 | 144.251 | 147.99 | 
160 | 154.769 | 151.519 | 148.273 | 144.251 | 147.99 | 
160 | 154.77 | 151.52 | 148.273 | 144.251 | 147.99 | 
160 | 154.771 | 151.52 | 148.274 | 144.251 | 147.99 | 
160 | 154.772 | 151.521 | 148.274 | 144.252 | 147.99 | 
160 | 154.773 | 151.522 | 148.274 | 144.252 | 147.99 | 
160 | 154.773 | 151.523 | 148.275 | 144.252 | 147.99 | 
160 | 154.774 | 151.524 | 148.275 | 144.253 | 147.99 | 
160 | 154.775 | 151.524 | 148.275 | 144.253 | 147.99 | 
160 | 154.776 | 151.525 | 148.275 | 144.253 | 147.99 | 
160 | 154.777 | 151.526 | 148.276 | 144.254 | 147.99 | 
160 | 154.778 | 151.527 | 148.276 | 144.254 | 147.99 | 
160 | 154.779 | 151.527 | 148.276 | 144.255 | 147.99 | 
160 | 154.78 | 151.528 | 148.276 | 144.255 | 147.99 | 
160 | 154.781 | 151.529 | 148.277 | 144.256 | 147.99 | 
160 | 154.782 | 151.53 | 148.277 | 144.256 | 147.99 | 
160 | 154.783 | 151.531 | 148.277 | 144.256 | 147.99 | 
160 | 154.783 | 151.531 | 148.278 | 144.257 | 147.99 | 
160 | 154.784 | 151.532 | 148.278 | 144.257 | 147.99 | 
160 | 154.785 | 151.533 | 148.278 | 144.258 | 147.99 | 
160 | 154.786 | 151.534 | 148.279 | 144.258 | 147.99 | 
160 | 154.787 | 151.534 | 148.279 | 144.259 | 147.99 | 
160 | 154.788 | 151.535 | 148.279 | 144.259 | 147.99 | 
160 | 154.789 | 151.536 | 148.279 | 144.26 | 147.99 | 
160 | 154.79 | 151.537 | 148.28 | 144.26 | 147.99 | 
160 | 154.791 | 151.537 | 148.28 | 144.261 | 147.99 | 
160 | 154.792 | 151.538 | 148.28 | 144.261 | 147.99 | 
160 | 154.792 | 151.539 | 148.281 | 144.262 | 147.99 | 
160 | 154.793 | 151.54 | 148.281 | 144.262 | 147.99 | 
160 | 154.794 | 151.541 | 148.281 | 144.263 | 147.99 | 
160 | 154.795 | 151.541 | 148.282 | 144.263 | 147.99 | 
160 | 154.796 | 151.542 | 148.282 | 144.264 | 147.99 | 
160 | 154.797 | 151.543 | 148.282 | 144.264 | 147.99 | 
160 | 154.798 | 151.544 | 148.283 | 144.265 | 147.99 | 
160 | 154.799 | 151.544 | 148.283 | 144.265 | 147.99 | 
160 | 154.8 | 151.545 | 148.283 | 144.266 | 147.99 | 
160 | 154.801 | 151.546 | 148.283 | 144.266 | 147.99 | 
160 | 154.801 | 151.547 | 148.284 | 144.267 | 147.99 | 
160 | 154.802 | 151.547 | 148.284 | 144.267 | 147.99 | 
160 | 154.803 | 151.548 | 148.284 | 144.268 | 147.99 | 
160 | 154.804 | 151.549 | 148.285 | 144.268 | 147.99 | 
160 | 154.805 | 151.55 | 148.285 | 144.269 | 147.99 | 
160 | 154.806 | 151.55 | 148.285 | 144.269 | 147.99 | 
160 | 154.807 | 151.551 | 148.286 | 144.27 | 147.99 | 
160 | 154.808 | 151.552 | 148.286 | 144.27 | 147.99 | 
160 | 154.809 | 151.553 | 148.286 | 144.271 | 147.99 | 
160 | 154.809 | 151.553 | 148.287 | 144.271 | 147.99 | 
160 | 154.81 | 151.554 | 148.287 | 144.272 | 147.99 | 
160 | 154.811 | 151.555 | 148.287 | 144.272 | 147.99 | 
160 | 154.812 | 151.556 | 148.287 | 144.273 | 147.99 | 
160 | 154.813 | 151.557 | 148.288 | 144.273 | 147.99 | 
160 | 154.814 | 151.557 | 148.288 | 144.274 | 147.99 | 
160 | 154.815 | 151.558 | 148.288 | 144.275 | 147.99 | 
160 | 154.816 | 151.559 | 148.289 | 144.275 | 147.99 | 
160 | 154.817 | 151.56 | 148.289 | 144.276 | 147.99 | 
160 | 154.817 | 151.56 | 148.289 | 144.276 | 147.99 | 
160 | 154.818 | 151.561 | 148.29 | 144.277 | 147.99 | 
160 | 154.819 | 151.562 | 148.29 | 144.277 | 147.99 | 
160 | 154.82 | 151.563 | 148.29 | 144.278 | 147.99 | 
160 | 154.821 | 151.563 | 148.29 | 144.278 | 147.99 | 
160 | 154.822 | 151.564 | 148.291 | 144.279 | 147.99 | 
160 | 154.823 | 151.565 | 148.291 | 144.279 | 147.99 | 
160 | 154.824 | 151.566 | 148.291 | 144.28 | 147.99 | 
160 | 154.824 | 151.566 | 148.292 | 144.28 | 147.99 | 
160 | 154.825 | 151.567 | 148.292 | 144.281 | 147.99 | 
160 | 154.826 | 151.568 | 148.292 | 144.281 | 147.99 | 
160 | 154.827 | 151.569 | 148.293 | 144.282 | 147.99 | 
160 | 154.828 | 151.569 | 148.293 | 144.282 | 147.99 | 
160 | 154.829 | 151.57 | 148.293 | 144.283 | 147.99 | 
160 | 154.83 | 151.571 | 148.294 | 144.283 | 147.99 | 
160 | 154.831 | 151.571 | 148.294 | 144.284 | 147.99 | 
160 | 154.832 | 151.572 | 148.294 | 144.284 | 147.99 | 
160 | 154.832 | 151.573 | 148.294 | 144.285 | 147.99 | 
160 | 154.833 | 151.574 | 148.295 | 144.285 | 147.99 | 
160 | 154.834 | 151.574 | 148.295 | 144.286 | 147.99 | 
160 | 154.835 | 151.575 | 148.295 | 144.286 | 147.99 | 
160 | 154.836 | 151.576 | 148.296 | 144.287 | 147.99 | 
160 | 154.837 | 151.577 | 148.296 | 144.287 | 147.99 | 
160 | 154.838 | 151.577 | 148.296 | 144.288 | 147.99 | 
160 | 154.839 | 151.578 | 148.297 | 144.288 | 147.99 | 
160 | 154.839 | 151.579 | 148.297 | 144.289 | 147.99 | 
160 | 154.84 | 151.58 | 148.297 | 144.289 | 147.99 | 
160 | 154.841 | 151.58 | 148.297 | 144.29 | 147.99 | 
160 | 154.842 | 151.581 | 148.298 | 144.29 | 147.99 | 
160 | 154.843 | 151.582 | 148.298 | 144.291 | 147.99 | 
160 | 154.844 | 151.583 | 148.298 | 144.291 | 147.99 | 
160 | 154.845 | 151.583 | 148.299 | 144.292 | 147.99 | 
160 | 154.846 | 151.584 | 148.299 | 144.292 | 147.99 | 
160 | 154.846 | 151.585 | 148.299 | 144.293 | 147.99 | 
160 | 154.847 | 151.586 | 148.3 | 144.293 | 147.99 | 
160 | 154.848 | 151.586 | 148.3 | 144.294 | 147.99 | 
160 | 154.849 | 151.587 | 148.3 | 144.294 | 147.99 | 
160 | 154.85 | 151.588 | 148.3 | 144.295 | 147.99 | 
160 | 154.851 | 151.588 | 148.301 | 144.295 | 147.99 | 
160 | 154.852 | 151.589 | 148.301 | 144.296 | 147.99 | 
160 | 154.852 | 151.59 | 148.301 | 144.296 | 147.99 | 
160 | 154.853 | 151.591 | 148.302 | 144.297 | 147.99 | 
160 | 154.854 | 151.591 | 148.302 | 144.297 | 147.99 | 
160 | 154.855 | 151.592 | 148.302 | 144.298 | 147.99 | 
160 | 154.856 | 151.593 | 148.303 | 144.298 | 147.99 | 
160 | 154.857 | 151.594 | 148.303 | 144.299 | 147.99 | 
160 | 154.858 | 151.594 | 148.303 | 144.299 | 147.99 | 
160 | 154.859 | 151.595 | 148.303 | 144.3 | 147.99 | 
160 | 154.859 | 151.596 | 148.304 | 144.3 | 147.99 | 
160 | 154.86 | 151.596 | 148.304 | 144.301 | 147.99 | 
160 | 154.861 | 151.597 | 148.304 | 144.301 | 147.99 | 
160 | 154.862 | 151.598 | 148.305 | 144.302 | 147.99 | 
160 | 154.863 | 151.599 | 148.305 | 144.302 | 147.99 | 
160 | 154.864 | 151.599 | 148.305 | 144.303 | 147.99 | 
160 | 154.865 | 151.6 | 148.305 | 144.303 | 147.99 | 
160 | 154.865 | 151.601 | 148.306 | 144.304 | 147.99 | 
160 | 154.866 | 151.602 | 148.306 | 144.304 | 147.99 | 
160 | 154.867 | 151.602 | 148.306 | 144.305 | 147.99 | 
160 | 154.868 | 151.603 | 148.307 | 144.305 | 147.99 | 
160 | 154.869 | 151.604 | 148.307 | 144.306 | 147.99 | 
160 | 154.87 | 151.604 | 148.307 | 144.306 | 147.99 | 
160 | 154.871 | 151.605 | 148.308 | 144.307 | 147.99 | 
160 | 154.871 | 151.606 | 148.308 | 144.307 | 147.99 | 
160 | 154.872 | 151.607 | 148.308 | 144.308 | 147.99 | 
160 | 154.873 | 151.607 | 148.308 | 144.308 | 147.99 | 
160 | 154.874 | 151.608 | 148.309 | 144.309 | 147.99 | 
160 | 154.875 | 151.609 | 148.309 | 144.309 | 147.99 | 
160 | 154.876 | 151.609 | 148.309 | 144.31 | 147.99 | 
160 | 154.877 | 151.61 | 148.31 | 144.31 | 147.99 | 
160 | 154.877 | 151.611 | 148.31 | 144.311 | 147.99 | 
160 | 154.878 | 151.612 | 148.31 | 144.311 | 147.99 | 
160 | 154.879 | 151.612 | 148.31 | 144.312 | 147.99 | 
160 | 154.88 | 151.613 | 148.311 | 144.312 | 147.99 | 
160 | 154.881 | 151.614 | 148.311 | 144.313 | 147.99 | 
160 | 154.882 | 151.614 | 148.311 | 144.313 | 147.99 | 
160 | 154.882 | 151.615 | 148.312 | 144.314 | 147.99 | 
160 | 154.883 | 151.616 | 148.312 | 144.314 | 147.99 | 
160 | 154.884 | 151.617 | 148.312 | 144.315 | 147.99 | 
160 | 154.885 | 151.617 | 148.313 | 144.315 | 147.99 | 
160 | 154.886 | 151.618 | 148.313 | 144.316 | 147.99 | 
160 | 154.887 | 151.619 | 148.313 | 144.316 | 147.99 | 
160 | 154.888 | 151.619 | 148.313 | 144.317 | 147.99 | 
160 | 154.888 | 151.62 | 148.314 | 144.317 | 147.99 | 
160 | 154.889 | 151.621 | 148.314 | 144.318 | 147.99 | 
160 | 154.89 | 151.622 | 148.314 | 144.318 | 147.99 | 
160 | 154.891 | 151.622 | 148.315 | 144.319 | 147.99 | 
160 | 154.892 | 151.623 | 148.315 | 144.319 | 147.99 | 
160 | 154.893 | 151.624 | 148.315 | 144.319 | 147.99 | 
160 | 154.894 | 151.624 | 148.315 | 144.32 | 147.99 | 
160 | 154.894 | 151.625 | 148.316 | 144.32 | 147.99 | 
160 | 154.895 | 151.626 | 148.316 | 144.321 | 147.99 | 
160 | 154.896 | 151.627 | 148.316 | 144.321 | 147.99 | 
160 | 154.897 | 151.627 | 148.317 | 144.322 | 147.99 | 
160 | 154.898 | 151.628 | 148.317 | 144.322 | 147.99 | 
160 | 154.899 | 151.629 | 148.317 | 144.323 | 147.99 | 
160 | 154.899 | 151.629 | 148.317 | 144.323 | 147.99 | 
160 | 154.9 | 151.63 | 148.318 | 144.324 | 147.99 | 
160 | 154.901 | 151.631 | 148.318 | 144.324 | 147.99 | 
160 | 154.902 | 151.631 | 148.318 | 144.325 | 147.99 | 
160 | 154.903 | 151.632 | 148.319 | 144.325 | 147.99 | 
160 | 154.904 | 151.633 | 148.319 | 144.326 | 147.99 | 
160 | 154.904 | 151.634 | 148.319 | 144.326 | 147.99 | 
160 | 154.905 | 151.634 | 148.319 | 144.327 | 147.99 | 
160 | 154.906 | 151.635 | 148.32 | 144.327 | 147.99 | 
160 | 154.907 | 151.636 | 148.32 | 144.328 | 147.99 | 
160 | 154.908 | 151.636 | 148.32 | 144.328 | 147.99 | 
160 | 154.909 | 151.637 | 148.321 | 144.329 | 147.99 | 
160 | 154.909 | 151.638 | 148.321 | 144.329 | 147.99 | 
160 | 154.91 | 151.638 | 148.321 | 144.33 | 147.99 | 
160 | 154.911 | 151.639 | 148.322 | 144.33 | 147.99 | 
160 | 154.912 | 151.64 | 148.322 | 144.331 | 147.99 | 
160 | 154.913 | 151.641 | 148.322 | 144.331 | 147.99 | 
160 | 154.914 | 151.641 | 148.322 | 144.332 | 147.99 | 
160 | 154.914 | 151.642 | 148.323 | 144.332 | 147.99 | 
160 | 154.915 | 151.643 | 148.323 | 144.333 | 147.99 | 
160 | 154.916 | 151.643 | 148.323 | 144.333 | 147.99 | 
160 | 154.917 | 151.644 | 148.324 | 144.334 | 147.99 | 
160 | 154.918 | 151.645 | 148.324 | 144.334 | 147.99 | 
160 | 154.919 | 151.645 | 148.324 | 144.334 | 147.99 | 
160 | 154.919 | 151.646 | 148.324 | 144.335 | 147.99 | 
160 | 154.92 | 151.647 | 148.325 | 144.335 | 147.99 | 
160 | 154.921 | 151.647 | 148.325 | 144.336 | 147.99 | 
160 | 154.922 | 151.648 | 148.325 | 144.336 | 147.99 | 
160 | 154.923 | 151.649 | 148.326 | 144.337 | 147.99 | 
160 | 154.924 | 151.649 | 148.326 | 144.337 | 147.99 | 
160 | 154.924 | 151.65 | 148.326 | 144.338 | 147.99 | 
160 | 154.925 | 151.651 | 148.326 | 144.338 | 147.99 | 
160 | 154.926 | 151.652 | 148.327 | 144.339 | 147.99 | 
160 | 154.927 | 151.652 | 148.327 | 144.339 | 147.99 | 
160 | 154.928 | 151.653 | 148.327 | 144.34 | 147.99 | 
160 | 154.929 | 151.654 | 148.328 | 144.34 | 147.99 | 
160 | 154.929 | 151.654 | 148.328 | 144.341 | 147.99 | 
160 | 154.93 | 151.655 | 148.328 | 144.341 | 147.99 | 
160 | 154.931 | 151.656 | 148.328 | 144.342 | 147.99 | 
160 | 154.932 | 151.656 | 148.329 | 144.342 | 147.99 | 
160 | 154.933 | 151.657 | 148.329 | 144.343 | 147.99 | 
160 | 154.934 | 151.658 | 148.329 | 144.343 | 147.99 | 
160 | 154.934 | 151.658 | 148.329 | 144.344 | 147.99 | 
160 | 154.935 | 151.659 | 148.33 | 144.344 | 147.99 | 
160 | 154.936 | 151.66 | 148.33 | 144.345 | 147.99 | 
160 | 154.937 | 151.66 | 148.33 | 144.345 | 147.99 | 
160 | 154.938 | 151.661 | 148.331 | 144.345 | 147.99 | 
160 | 154.938 | 151.662 | 148.331 | 144.346 | 147.99 | 
160 | 154.939 | 151.662 | 148.331 | 144.346 | 147.99 | 
160 | 154.94 | 151.663 | 148.331 | 144.347 | 147.99 | 
160 | 154.941 | 151.664 | 148.332 | 144.347 | 147.99 | 
160 | 154.942 | 151.665 | 148.332 | 144.348 | 147.99 | 
160 | 154.943 | 151.665 | 148.332 | 144.348 | 147.99 | 
160 | 154.943 | 151.666 | 148.333 | 144.349 | 147.99 | 
160 | 154.944 | 151.667 | 148.333 | 144.349 | 147.99 | 
160 | 154.945 | 151.667 | 148.333 | 144.35 | 147.99 | 
160 | 154.946 | 151.668 | 148.333 | 144.35 | 147.99 | 
160 | 154.947 | 151.669 | 148.334 | 144.351 | 147.99 | 
160 | 154.947 | 151.669 | 148.334 | 144.351 | 147.99 | 
160 | 154.948 | 151.67 | 148.334 | 144.352 | 147.99 | 
160 | 154.949 | 151.671 | 148.335 | 144.352 | 147.99 | 
160 | 154.95 | 151.671 | 148.335 | 144.353 | 147.99 | 
160 | 154.951 | 151.672 | 148.335 | 144.353 | 147.99 | 
160 | 154.952 | 151.673 | 148.335 | 144.353 | 147.99 | 
160 | 154.952 | 151.673 | 148.336 | 144.354 | 147.99 | 
160 | 154.953 | 151.674 | 148.336 | 144.354 | 147.99 | 
160 | 154.954 | 151.675 | 148.336 | 144.355 | 147.99 | 
160 | 154.955 | 151.675 | 148.337 | 144.355 | 147.99 | 
160 | 154.956 | 151.676 | 148.337 | 144.356 | 147.99 | 
160 | 154.956 | 151.677 | 148.337 | 144.356 | 147.99 | 
160 | 154.957 | 151.677 | 148.337 | 144.357 | 147.99 | 
160 | 154.958 | 151.678 | 148.338 | 144.357 | 147.99 | 
160 | 154.959 | 151.679 | 148.338 | 144.358 | 147.99 | 
160 | 154.96 | 151.679 | 148.338 | 144.358 | 147.99 | 
160 | 154.96 | 151.68 | 148.338 | 144.359 | 147.99 | 
160 | 154.961 | 151.681 | 148.339 | 144.359 | 147.99 | 
160 | 154.962 | 151.681 | 148.339 | 144.36 | 147.99 | 
160 | 154.963 | 151.682 | 148.339 | 144.36 | 147.99 | 
160 | 154.964 | 151.683 | 148.34 | 144.36 | 147.99 | 
160 | 154.964 | 151.683 | 148.34 | 144.361 | 147.99 | 
160 | 154.965 | 151.684 | 148.34 | 144.361 | 147.99 | 
160 | 154.966 | 151.685 | 148.34 | 144.362 | 147.99 | 
160 | 154.967 | 151.685 | 148.341 | 144.362 | 147.99 | 
160 | 154.968 | 151.686 | 148.341 | 144.363 | 147.99 | 
160 | 154.969 | 151.687 | 148.341 | 144.363 | 147.99 | 
160 | 154.969 | 151.687 | 148.341 | 144.364 | 147.99 | 
160 | 154.97 | 151.688 | 148.342 | 144.364 | 147.99 | 
160 | 154.971 | 151.689 | 148.342 | 144.365 | 147.99 | 
160 | 154.972 | 151.689 | 148.342 | 144.365 | 147.99 | 
160 | 154.973 | 151.69 | 148.343 | 144.366 | 147.99 | 
160 | 154.973 | 151.691 | 148.343 | 144.366 | 147.99 | 
160 | 154.974 | 151.691 | 148.343 | 144.367 | 147.99 | 
160 | 154.975 | 151.692 | 148.343 | 144.367 | 147.99 | 
160 | 154.976 | 151.692 | 148.344 | 144.367 | 147.99 | 
160 | 154.977 | 151.693 | 148.344 | 144.368 | 147.99 | 
160 | 154.977 | 151.694 | 148.344 | 144.368 | 147.99 | 
160 | 154.978 | 151.694 | 148.345 | 144.369 | 147.99 | 
160 | 154.979 | 151.695 | 148.345 | 144.369 | 147.99 | 
160 | 154.98 | 151.696 | 148.345 | 144.37 | 147.99 | 
160 | 154.981 | 151.696 | 148.345 | 144.37 | 147.99 | 
160 | 154.981 | 151.697 | 148.346 | 144.371 | 147.99 | 
160 | 154.982 | 151.698 | 148.346 | 144.371 | 147.99 | 
160 | 154.983 | 151.698 | 148.346 | 144.372 | 147.99 | 
160 | 154.984 | 151.699 | 148.346 | 144.372 | 147.99 | 
160 | 154.985 | 151.7 | 148.347 | 144.373 | 147.99 | 
160 | 154.985 | 151.7 | 148.347 | 144.373 | 147.99 | 
160 | 154.986 | 151.701 | 148.347 | 144.373 | 147.99 | 
160 | 154.987 | 151.702 | 148.348 | 144.374 | 147.99 | 
160 | 154.988 | 151.702 | 148.348 | 144.374 | 147.99 | 
160 | 154.988 | 151.703 | 148.348 | 144.375 | 147.99 | 
160 | 154.989 | 151.704 | 148.348 | 144.375 | 147.99 | 
160 | 154.99 | 151.704 | 148.349 | 144.376 | 147.99 | 
160 | 154.991 | 151.705 | 148.349 | 144.376 | 147.99 | 
160 | 154.992 | 151.706 | 148.349 | 144.377 | 147.99 | 
160 | 154.992 | 151.706 | 148.349 | 144.377 | 147.99 | 
160 | 154.993 | 151.707 | 148.35 | 144.378 | 147.99 | 
160 | 154.994 | 151.707 | 148.35 | 144.378 | 147.99 | 
160 | 154.995 | 151.708 | 148.35 | 144.378 | 147.99 | 
160 | 154.996 | 151.709 | 148.351 | 144.379 | 147.99 | 
160 | 154.996 | 151.709 | 148.351 | 144.379 | 147.99 | 
160 | 154.997 | 151.71 | 148.351 | 144.38 | 147.99 | 
160 | 154.998 | 151.711 | 148.351 | 144.38 | 147.99 | 
160 | 154.999 | 151.711 | 148.352 | 144.381 | 147.99 | 
160 | 155 | 151.712 | 148.352 | 144.381 | 147.99 | 
160 | 155 | 151.713 | 148.352 | 144.382 | 147.99 | 
160 | 155.001 | 151.713 | 148.352 | 144.382 | 147.99 | 
160 | 155.002 | 151.714 | 148.353 | 144.383 | 147.99 | 
160 | 155.003 | 151.715 | 148.353 | 144.383 | 147.99 | 
160 | 155.003 | 151.715 | 148.353 | 144.383 | 147.99 | 
160 | 155.004 | 151.716 | 148.353 | 144.384 | 147.99 | 
160 | 155.005 | 151.716 | 148.354 | 144.384 | 147.99 | 
160 | 155.006 | 151.717 | 148.354 | 144.385 | 147.99 | 
160 | 155.007 | 151.718 | 148.354 | 144.385 | 147.99 | 
160 | 155.007 | 151.718 | 148.355 | 144.386 | 147.99 | 
160 | 155.008 | 151.719 | 148.355 | 144.386 | 147.99 | 
160 | 155.009 | 151.72 | 148.355 | 144.387 | 147.99 | 
160 | 155.01 | 151.72 | 148.355 | 144.387 | 147.99 | 
160 | 155.011 | 151.721 | 148.356 | 144.388 | 147.99 | 
160 | 155.011 | 151.722 | 148.356 | 144.388 | 147.99 | 
160 | 155.012 | 151.722 | 148.356 | 144.388 | 147.99 | 
160 | 155.013 | 151.723 | 148.356 | 144.389 | 147.99 | 
160 | 155.014 | 151.723 | 148.357 | 144.389 | 147.99 | 
160 | 155.014 | 151.724 | 148.357 | 144.39 | 147.99 | 
160 | 155.015 | 151.725 | 148.357 | 144.39 | 147.99 | 
160 | 155.016 | 151.725 | 148.358 | 144.391 | 147.99 | 
160 | 155.017 | 151.726 | 148.358 | 144.391 | 147.99 | 
160 | 155.018 | 151.727 | 148.358 | 144.392 | 147.99 | 
160 | 155.018 | 151.727 | 148.358 | 144.392 | 147.99 | 
160 | 155.019 | 151.728 | 148.359 | 144.393 | 147.99 | 
160 | 155.02 | 151.728 | 148.359 | 144.393 | 147.99 | 
160 | 155.021 | 151.729 | 148.359 | 144.393 | 147.99 | 
160 | 155.021 | 151.73 | 148.359 | 144.394 | 147.99 | 
160 | 155.022 | 151.73 | 148.36 | 144.394 | 147.99 | 
160 | 155.023 | 151.731 | 148.36 | 144.395 | 147.99 | 
160 | 155.024 | 151.732 | 148.36 | 144.395 | 147.99 | 
160 | 155.025 | 151.732 | 148.36 | 144.396 | 147.99 | 
160 | 155.025 | 151.733 | 148.361 | 144.396 | 147.99 | 
160 | 155.026 | 151.734 | 148.361 | 144.397 | 147.99 | 
160 | 155.027 | 151.734 | 148.361 | 144.397 | 147.99 | 
160 | 155.028 | 151.735 | 148.362 | 144.397 | 147.99 | 
160 | 155.028 | 151.735 | 148.362 | 144.398 | 147.99 | 
160 | 155.029 | 151.736 | 148.362 | 144.398 | 147.99 | 
160 | 155.03 | 151.737 | 148.362 | 144.399 | 147.99 | 
160 | 155.031 | 151.737 | 148.363 | 144.399 | 147.99 | 
160 | 155.031 | 151.738 | 148.363 | 144.4 | 147.99 | 
160 | 155.032 | 151.739 | 148.363 | 144.4 | 147.99 | 
160 | 155.033 | 151.739 | 148.363 | 144.401 | 147.99 | 
160 | 155.034 | 151.74 | 148.364 | 144.401 | 147.99 | 
160 | 155.035 | 151.74 | 148.364 | 144.401 | 147.99 | 
160 | 155.035 | 151.741 | 148.364 | 144.402 | 147.99 | 
160 | 155.036 | 151.742 | 148.364 | 144.402 | 147.99 | 
160 | 155.037 | 151.742 | 148.365 | 144.403 | 147.99 | 
160 | 155.038 | 151.743 | 148.365 | 144.403 | 147.99 | 
160 | 155.038 | 151.743 | 148.365 | 144.404 | 147.99 | 
160 | 155.039 | 151.744 | 148.365 | 144.404 | 147.99 | 
160 | 155.04 | 151.745 | 148.366 | 144.405 | 147.99 | 
160 | 155.041 | 151.745 | 148.366 | 144.405 | 147.99 | 
160 | 155.041 | 151.746 | 148.366 | 144.405 | 147.99 | 
160 | 155.042 | 151.747 | 148.367 | 144.406 | 147.99 | 
160 | 155.043 | 151.747 | 148.367 | 144.406 | 147.99 | 
160 | 155.044 | 151.748 | 148.367 | 144.407 | 147.99 | 
160 | 155.045 | 151.748 | 148.367 | 144.407 | 147.99 | 
160 | 155.045 | 151.749 | 148.368 | 144.408 | 147.99 | 
160 | 155.046 | 151.75 | 148.368 | 144.408 | 147.99 | 
160 | 155.047 | 151.75 | 148.368 | 144.409 | 147.99 | 
160 | 155.048 | 151.751 | 148.368 | 144.409 | 147.99 | 
160 | 155.048 | 151.751 | 148.369 | 144.409 | 147.99 | 
160 | 155.049 | 151.752 | 148.369 | 144.41 | 147.99 | 
160 | 155.05 | 151.753 | 148.369 | 144.41 | 147.99 | 
160 | 155.051 | 151.753 | 148.369 | 144.411 | 147.99 | 
160 | 155.051 | 151.754 | 148.37 | 144.411 | 147.99 | 
160 | 155.052 | 151.755 | 148.37 | 144.412 | 147.99 | 
160 | 155.053 | 151.755 | 148.37 | 144.412 | 147.99 | 
160 | 155.054 | 151.756 | 148.37 | 144.412 | 147.99 | 
160 | 155.054 | 151.756 | 148.371 | 144.413 | 147.99 | 
160 | 155.055 | 151.757 | 148.371 | 144.413 | 147.99 | 
160 | 155.056 | 151.758 | 148.371 | 144.414 | 147.99 | 
160 | 155.057 | 151.758 | 148.371 | 144.414 | 147.99 | 
160 | 155.057 | 151.759 | 148.372 | 144.415 | 147.99 | 
160 | 155.058 | 151.759 | 148.372 | 144.415 | 147.99 | 
160 | 155.059 | 151.76 | 148.372 | 144.416 | 147.99 | 
160 | 155.06 | 151.761 | 148.373 | 144.416 | 147.99 | 
160 | 155.06 | 151.761 | 148.373 | 144.416 | 147.99 | 
160 | 155.061 | 151.762 | 148.373 | 144.417 | 147.99 | 
160 | 155.062 | 151.762 | 148.373 | 144.417 | 147.99 | 
160 | 155.063 | 151.763 | 148.374 | 144.418 | 147.99 | 
160 | 155.063 | 151.764 | 148.374 | 144.418 | 147.99 | 
160 | 155.064 | 151.764 | 148.374 | 144.419 | 147.99 | 
160 | 155.065 | 151.765 | 148.374 | 144.419 | 147.99 | 
160 | 155.066 | 151.765 | 148.375 | 144.419 | 147.99 | 
160 | 155.066 | 151.766 | 148.375 | 144.42 | 147.99 | 
160 | 155.067 | 151.767 | 148.375 | 144.42 | 147.99 | 
160 | 155.068 | 151.767 | 148.375 | 144.421 | 147.99 | 
160 | 155.069 | 151.768 | 148.376 | 144.421 | 147.99 | 
160 | 155.069 | 151.768 | 148.376 | 144.422 | 147.99 | 
160 | 155.07 | 151.769 | 148.376 | 144.422 | 147.99 | 
160 | 155.071 | 151.77 | 148.376 | 144.423 | 147.99 | 
160 | 155.072 | 151.77 | 148.377 | 144.423 | 147.99 | 
160 | 155.072 | 151.771 | 148.377 | 144.423 | 147.99 | 
160 | 155.073 | 151.771 | 148.377 | 144.424 | 147.99 | 
160 | 155.074 | 151.772 | 148.377 | 144.424 | 147.99 | 
160 | 155.075 | 151.773 | 148.378 | 144.425 | 147.99 | 
160 | 155.075 | 151.773 | 148.378 | 144.425 | 147.99 | 
160 | 155.076 | 151.774 | 148.378 | 144.426 | 147.99 | 
160 | 155.077 | 151.774 | 148.378 | 144.426 | 147.99 | 
160 | 155.078 | 151.775 | 148.379 | 144.426 | 147.99 | 
160 | 155.078 | 151.776 | 148.379 | 144.427 | 147.99 | 
160 | 155.079 | 151.776 | 148.379 | 144.427 | 147.99 | 
160 | 155.08 | 151.777 | 148.379 | 144.428 | 147.99 | 
160 | 155.081 | 151.777 | 148.38 | 144.428 | 147.99 | 
160 | 155.081 | 151.778 | 148.38 | 144.429 | 147.99 | 
160 | 155.082 | 151.779 | 148.38 | 144.429 | 147.99 | 
160 | 155.083 | 151.779 | 148.38 | 144.429 | 147.99 | 
160 | 155.084 | 151.78 | 148.381 | 144.43 | 147.99 | 
160 | 155.084 | 151.78 | 148.381 | 144.43 | 147.99 | 
160 | 155.085 | 151.781 | 148.381 | 144.431 | 147.99 | 
160 | 155.086 | 151.782 | 148.381 | 144.431 | 147.99 | 
160 | 155.087 | 151.782 | 148.382 | 144.432 | 147.99 | 
160 | 155.087 | 151.783 | 148.382 | 144.432 | 147.99 | 
160 | 155.088 | 151.783 | 148.382 | 144.432 | 147.99 | 
160 | 155.089 | 151.784 | 148.383 | 144.433 | 147.99 | 
160 | 155.09 | 151.784 | 148.383 | 144.433 | 147.99 | 
160 | 155.09 | 151.785 | 148.383 | 144.434 | 147.99 | 
160 | 155.091 | 151.786 | 148.383 | 144.434 | 147.99 | 
160 | 155.092 | 151.786 | 148.384 | 144.435 | 147.99 | 
160 | 155.092 | 151.787 | 148.384 | 144.435 | 147.99 | 
160 | 155.093 | 151.787 | 148.384 | 144.435 | 147.99 | 
160 | 155.094 | 151.788 | 148.384 | 144.436 | 147.99 | 
160 | 155.095 | 151.789 | 148.385 | 144.436 | 147.99 | 
160 | 155.095 | 151.789 | 148.385 | 144.437 | 147.99 | 
160 | 155.096 | 151.79 | 148.385 | 144.437 | 147.99 | 
160 | 155.097 | 151.79 | 148.385 | 144.438 | 147.99 | 
160 | 155.098 | 151.791 | 148.386 | 144.438 | 147.99 | 
160 | 155.098 | 151.792 | 148.386 | 144.438 | 147.99 | 
160 | 155.099 | 151.792 | 148.386 | 144.439 | 147.99 | 
160 | 155.1 | 151.793 | 148.386 | 144.439 | 147.99 | 
160 | 155.101 | 151.793 | 148.387 | 144.44 | 147.99 | 
160 | 155.101 | 151.794 | 148.387 | 144.44 | 147.99 | 
160 | 155.102 | 151.794 | 148.387 | 144.441 | 147.99 | 
160 | 155.103 | 151.795 | 148.387 | 144.441 | 147.99 | 
160 | 155.103 | 151.796 | 148.388 | 144.441 | 147.99 | 
160 | 155.104 | 151.796 | 148.388 | 144.442 | 147.99 | 
160 | 155.105 | 151.797 | 148.388 | 144.442 | 147.99 | 
160 | 155.106 | 151.797 | 148.388 | 144.443 | 147.99 | 
160 | 155.106 | 151.798 | 148.389 | 144.443 | 147.99 | 
160 | 155.107 | 151.798 | 148.389 | 144.443 | 147.99 | 
160 | 155.108 | 151.799 | 148.389 | 144.444 | 147.99 | 
160 | 155.109 | 151.8 | 148.389 | 144.444 | 147.99 | 
160 | 155.109 | 151.8 | 148.39 | 144.445 | 147.99 | 
160 | 155.11 | 151.801 | 148.39 | 144.445 | 147.99 | 
160 | 155.111 | 151.801 | 148.39 | 144.446 | 147.99 | 
160 | 155.111 | 151.802 | 148.39 | 144.446 | 147.99 | 
160 | 155.112 | 151.803 | 148.391 | 144.446 | 147.99 | 
160 | 155.113 | 151.803 | 148.391 | 144.447 | 147.99 | 
160 | 155.114 | 151.804 | 148.391 | 144.447 | 147.99 | 
160 | 155.114 | 151.804 | 148.391 | 144.448 | 147.99 | 
160 | 155.115 | 151.805 | 148.392 | 144.448 | 147.99 | 
160 | 155.116 | 151.805 | 148.392 | 144.449 | 147.99 | 
160 | 155.117 | 151.806 | 148.392 | 144.449 | 147.99 | 
160 | 155.117 | 151.807 | 148.392 | 144.449 | 147.99 | 
160 | 155.118 | 151.807 | 148.393 | 144.45 | 147.99 | 
160 | 155.119 | 151.808 | 148.393 | 144.45 | 147.99 | 
160 | 155.119 | 151.808 | 148.393 | 144.451 | 147.99 | 
160 | 155.12 | 151.809 | 148.393 | 144.451 | 147.99 | 
160 | 155.121 | 151.809 | 148.394 | 144.451 | 147.99 | 
160 | 155.122 | 151.81 | 148.394 | 144.452 | 147.99 | 
160 | 155.122 | 151.811 | 148.394 | 144.452 | 147.99 | 
160 | 155.123 | 151.811 | 148.394 | 144.453 | 147.99 | 
160 | 155.124 | 151.812 | 148.395 | 144.453 | 147.99 | 
160 | 155.124 | 151.812 | 148.395 | 144.454 | 147.99 | 
160 | 155.125 | 151.813 | 148.395 | 144.454 | 147.99 | 
160 | 155.126 | 151.813 | 148.395 | 144.454 | 147.99 | 
160 | 155.127 | 151.814 | 148.396 | 144.455 | 147.99 | 
160 | 155.127 | 151.815 | 148.396 | 144.455 | 147.99 | 
160 | 155.128 | 151.815 | 148.396 | 144.456 | 147.99 | 
160 | 155.129 | 151.816 | 148.396 | 144.456 | 147.99 | 
160 | 155.129 | 151.816 | 148.396 | 144.456 | 147.99 | 
160 | 155.13 | 151.817 | 148.397 | 144.457 | 147.99 | 
160 | 155.131 | 151.817 | 148.397 | 144.457 | 147.99 | 
160 | 155.132 | 151.818 | 148.397 | 144.458 | 147.99 | 
160 | 155.132 | 151.818 | 148.397 | 144.458 | 147.99 | 
160 | 155.133 | 151.819 | 148.398 | 144.459 | 147.99 | 
160 | 155.134 | 151.82 | 148.398 | 144.459 | 147.99 | 
160 | 155.134 | 151.82 | 148.398 | 144.459 | 147.99 | 
160 | 155.135 | 151.821 | 148.398 | 144.46 | 147.99 | 
160 | 155.136 | 151.821 | 148.399 | 144.46 | 147.99 | 
160 | 155.137 | 151.822 | 148.399 | 144.461 | 147.99 | 
160 | 155.137 | 151.822 | 148.399 | 144.461 | 147.99 | 
160 | 155.138 | 151.823 | 148.399 | 144.461 | 147.99 | 
160 | 155.139 | 151.824 | 148.4 | 144.462 | 147.99 | 
160 | 155.139 | 151.824 | 148.4 | 144.462 | 147.99 | 
160 | 155.14 | 151.825 | 148.4 | 144.463 | 147.99 | 
160 | 155.141 | 151.825 | 148.4 | 144.463 | 147.99 | 
160 | 155.142 | 151.826 | 148.401 | 144.463 | 147.99 | 
160 | 155.142 | 151.826 | 148.401 | 144.464 | 147.99 | 
160 | 155.143 | 151.827 | 148.401 | 144.464 | 147.99 | 
160 | 155.144 | 151.827 | 148.401 | 144.465 | 147.99 | 
160 | 155.144 | 151.828 | 148.402 | 144.465 | 147.99 | 
160 | 155.145 | 151.829 | 148.402 | 144.466 | 147.99 | 
160 | 155.146 | 151.829 | 148.402 | 144.466 | 147.99 | 
160 | 155.147 | 151.83 | 148.402 | 144.466 | 147.99 | 
160 | 155.147 | 151.83 | 148.403 | 144.467 | 147.99 | 
160 | 155.148 | 151.831 | 148.403 | 144.467 | 147.99 | 
160 | 155.149 | 151.831 | 148.403 | 144.468 | 147.99 | 
160 | 155.149 | 151.832 | 148.403 | 144.468 | 147.99 | 
160 | 155.15 | 151.832 | 148.404 | 144.468 | 147.99 | 
160 | 155.151 | 151.833 | 148.404 | 144.469 | 147.99 | 
160 | 155.151 | 151.834 | 148.404 | 144.469 | 147.99 | 
160 | 155.152 | 151.834 | 148.404 | 144.47 | 147.99 | 
160 | 155.153 | 151.835 | 148.405 | 144.47 | 147.99 | 
160 | 155.154 | 151.835 | 148.405 | 144.47 | 147.99 | 
160 | 155.154 | 151.836 | 148.405 | 144.471 | 147.99 | 
160 | 155.155 | 151.836 | 148.405 | 144.471 | 147.99 | 
160 | 155.156 | 151.837 | 148.405 | 144.472 | 147.99 | 
160 | 155.156 | 151.837 | 148.406 | 144.472 | 147.99 | 
160 | 155.157 | 151.838 | 148.406 | 144.472 | 147.99 | 
160 | 155.158 | 151.838 | 148.406 | 144.473 | 147.99 | 
160 | 155.159 | 151.839 | 148.406 | 144.473 | 147.99 | 
160 | 155.159 | 151.84 | 148.407 | 144.474 | 147.99 | 
160 | 155.16 | 151.84 | 148.407 | 144.474 | 147.99 | 
160 | 155.161 | 151.841 | 148.407 | 144.474 | 147.99 | 
160 | 155.161 | 151.841 | 148.407 | 144.475 | 147.99 | 
160 | 155.162 | 151.842 | 148.408 | 144.475 | 147.99 | 
160 | 155.163 | 151.842 | 148.408 | 144.476 | 147.99 | 
160 | 155.163 | 151.843 | 148.408 | 144.476 | 147.99 | 
160 | 155.164 | 151.843 | 148.408 | 144.477 | 147.99 | 
160 | 155.165 | 151.844 | 148.409 | 144.477 | 147.99 | 
160 | 155.165 | 151.844 | 148.409 | 144.477 | 147.99 | 
160 | 155.166 | 151.845 | 148.409 | 144.478 | 147.99 | 
160 | 155.167 | 151.846 | 148.409 | 144.478 | 147.99 | 
160 | 155.168 | 151.846 | 148.41 | 144.479 | 147.99 | 
160 | 155.168 | 151.847 | 148.41 | 144.479 | 147.99 | 
160 | 155.169 | 151.847 | 148.41 | 144.479 | 147.99 | 
160 | 155.17 | 151.848 | 148.41 | 144.48 | 147.99 | 
160 | 155.17 | 151.848 | 148.411 | 144.48 | 147.99 | 
160 | 155.171 | 151.849 | 148.411 | 144.481 | 147.99 | 
160 | 155.172 | 151.849 | 148.411 | 144.481 | 147.99 | 
160 | 155.172 | 151.85 | 148.411 | 144.481 | 147.99 | 
160 | 155.173 | 151.85 | 148.411 | 144.482 | 147.99 | 
160 | 155.174 | 151.851 | 148.412 | 144.482 | 147.99 | 
160 | 155.174 | 151.852 | 148.412 | 144.483 | 147.99 | 
160 | 155.175 | 151.852 | 148.412 | 144.483 | 147.99 | 
160 | 155.176 | 151.853 | 148.412 | 144.483 | 147.99 | 
160 | 155.177 | 151.853 | 148.413 | 144.484 | 147.99 | 
160 | 155.177 | 151.854 | 148.413 | 144.484 | 147.99 | 
160 | 155.178 | 151.854 | 148.413 | 144.485 | 147.99 | 
160 | 155.179 | 151.855 | 148.413 | 144.485 | 147.99 | 
160 | 155.179 | 151.855 | 148.414 | 144.485 | 147.99 | 
160 | 155.18 | 151.856 | 148.414 | 144.486 | 147.99 | 
160 | 155.181 | 151.856 | 148.414 | 144.486 | 147.99 | 
160 | 155.181 | 151.857 | 148.414 | 144.487 | 147.99 | 
160 | 155.182 | 151.857 | 148.415 | 144.487 | 147.99 | 
160 | 155.183 | 151.858 | 148.415 | 144.487 | 147.99 | 
160 | 155.183 | 151.858 | 148.415 | 144.488 | 147.99 | 
160 | 155.184 | 151.859 | 148.415 | 144.488 | 147.99 | 
160 | 155.185 | 151.86 | 148.415 | 144.489 | 147.99 | 
160 | 155.185 | 151.86 | 148.416 | 144.489 | 147.99 | 
160 | 155.186 | 151.861 | 148.416 | 144.489 | 147.99 | 
160 | 155.187 | 151.861 | 148.416 | 144.49 | 147.99 | 
160 | 155.188 | 151.862 | 148.416 | 144.49 | 147.99 | 
160 | 155.188 | 151.862 | 148.417 | 144.491 | 147.99 | 
160 | 155.189 | 151.863 | 148.417 | 144.491 | 147.99 | 
160 | 155.19 | 151.863 | 148.417 | 144.491 | 147.99 | 
160 | 155.19 | 151.864 | 148.417 | 144.492 | 147.99 | 
160 | 155.191 | 151.864 | 148.418 | 144.492 | 147.99 | 
160 | 155.192 | 151.865 | 148.418 | 144.493 | 147.99 | 
160 | 155.192 | 151.865 | 148.418 | 144.493 | 147.99 | 
160 | 155.193 | 151.866 | 148.418 | 144.493 | 147.99 | 
160 | 155.194 | 151.866 | 148.419 | 144.494 | 147.99 | 
160 | 155.194 | 151.867 | 148.419 | 144.494 | 147.99 | 
160 | 155.195 | 151.867 | 148.419 | 144.494 | 147.99 | 
160 | 155.196 | 151.868 | 148.419 | 144.495 | 147.99 | 
160 | 155.196 | 151.869 | 148.419 | 144.495 | 147.99 | 
160 | 155.197 | 151.869 | 148.42 | 144.496 | 147.99 | 
160 | 155.198 | 151.87 | 148.42 | 144.496 | 147.99 | 
160 | 155.198 | 151.87 | 148.42 | 144.496 | 147.99 | 
160 | 155.199 | 151.871 | 148.42 | 144.497 | 147.99 | 
160 | 155.2 | 151.871 | 148.421 | 144.497 | 147.99 | 
160 | 155.2 | 151.872 | 148.421 | 144.498 | 147.99 | 
160 | 155.201 | 151.872 | 148.421 | 144.498 | 147.99 | 
160 | 155.202 | 151.873 | 148.421 | 144.498 | 147.99 | 
160 | 155.202 | 151.873 | 148.422 | 144.499 | 147.99 | 
160 | 155.203 | 151.874 | 148.422 | 144.499 | 147.99 | 
160 | 155.204 | 151.874 | 148.422 | 144.5 | 147.99 | 
160 | 155.205 | 151.875 | 148.422 | 144.5 | 147.99 | 
160 | 155.205 | 151.875 | 148.423 | 144.5 | 147.99 | 
160 | 155.206 | 151.876 | 148.423 | 144.501 | 147.99 | 
160 | 155.207 | 151.876 | 148.423 | 144.501 | 147.99 | 
160 | 155.207 | 151.877 | 148.423 | 144.502 | 147.99 | 
160 | 155.208 | 151.877 | 148.423 | 144.502 | 147.99 | 
160 | 155.209 | 151.878 | 148.424 | 144.502 | 147.99 | 
160 | 155.209 | 151.878 | 148.424 | 144.503 | 147.99 | 
160 | 155.21 | 151.879 | 148.424 | 144.503 | 147.99 | 
160 | 155.211 | 151.88 | 148.424 | 144.504 | 147.99 | 
160 | 155.211 | 151.88 | 148.425 | 144.504 | 147.99 | 
160 | 155.212 | 151.881 | 148.425 | 144.504 | 147.99 | 
160 | 155.213 | 151.881 | 148.425 | 144.505 | 147.99 | 
160 | 155.213 | 151.882 | 148.425 | 144.505 | 147.99 | 
160 | 155.214 | 151.882 | 148.425 | 144.505 | 147.99 | 
160 | 155.215 | 151.883 | 148.426 | 144.506 | 147.99 | 
160 | 155.215 | 151.883 | 148.426 | 144.506 | 147.99 | 
160 | 155.216 | 151.884 | 148.426 | 144.507 | 147.99 | 
160 | 155.217 | 151.884 | 148.426 | 144.507 | 147.99 | 
160 | 155.217 | 151.885 | 148.427 | 144.507 | 147.99 | 
160 | 155.218 | 151.885 | 148.427 | 144.508 | 147.99 | 
160 | 155.219 | 151.886 | 148.427 | 144.508 | 147.99 | 
160 | 155.219 | 151.886 | 148.427 | 144.509 | 147.99 | 
160 | 155.22 | 151.887 | 148.428 | 144.509 | 147.99 | 
160 | 155.221 | 151.887 | 148.428 | 144.509 | 147.99 | 
160 | 155.221 | 151.888 | 148.428 | 144.51 | 147.99 | 
160 | 155.222 | 151.888 | 148.428 | 144.51 | 147.99 | 
160 | 155.223 | 151.889 | 148.428 | 144.511 | 147.99 | 
160 | 155.223 | 151.889 | 148.429 | 144.511 | 147.99 | 
160 | 155.224 | 151.89 | 148.429 | 144.511 | 147.99 | 
160 | 155.225 | 151.89 | 148.429 | 144.512 | 147.99 | 
160 | 155.225 | 151.891 | 148.429 | 144.512 | 147.99 | 
160 | 155.226 | 151.891 | 148.43 | 144.512 | 147.99 | 
160 | 155.227 | 151.892 | 148.43 | 144.513 | 147.99 | 
160 | 155.227 | 151.892 | 148.43 | 144.513 | 147.99 | 
160 | 155.228 | 151.893 | 148.43 | 144.514 | 147.99 | 
160 | 155.229 | 151.893 | 148.431 | 144.514 | 147.99 | 
160 | 155.229 | 151.894 | 148.431 | 144.514 | 147.99 | 
160 | 155.23 | 151.894 | 148.431 | 144.515 | 147.99 | 
160 | 155.231 | 151.895 | 148.431 | 144.515 | 147.99 | 
160 | 155.231 | 151.895 | 148.431 | 144.516 | 147.99 | 
160 | 155.232 | 151.896 | 148.432 | 144.516 | 147.99 | 
160 | 155.232 | 151.896 | 148.432 | 144.516 | 147.99 | 
160 | 155.233 | 151.897 | 148.432 | 144.517 | 147.99 | 
160 | 155.234 | 151.897 | 148.432 | 144.517 | 147.99 | 
160 | 155.234 | 151.898 | 148.433 | 144.517 | 147.99 | 
160 | 155.235 | 151.898 | 148.433 | 144.518 | 147.99 | 
160 | 155.236 | 151.899 | 148.433 | 144.518 | 147.99 | 
160 | 155.236 | 151.899 | 148.433 | 144.519 | 147.99 | 
160 | 155.237 | 151.9 | 148.433 | 144.519 | 147.99 | 
160 | 155.238 | 151.9 | 148.434 | 144.519 | 147.99 | 
160 | 155.238 | 151.901 | 148.434 | 144.52 | 147.99 | 
160 | 155.239 | 151.901 | 148.434 | 144.52 | 147.99 | 
160 | 155.24 | 151.902 | 148.434 | 144.52 | 147.99 | 
160 | 155.24 | 151.902 | 148.435 | 144.521 | 147.99 | 
160 | 155.241 | 151.903 | 148.435 | 144.521 | 147.99 | 
160 | 155.242 | 151.903 | 148.435 | 144.522 | 147.99 | 
160 | 155.242 | 151.904 | 148.435 | 144.522 | 147.99 | 
160 | 155.243 | 151.904 | 148.435 | 144.522 | 147.99 | 
160 | 155.244 | 151.905 | 148.436 | 144.523 | 147.99 | 
160 | 155.244 | 151.905 | 148.436 | 144.523 | 147.99 | 
160 | 155.245 | 151.906 | 148.436 | 144.524 | 147.99 | 
160 | 155.246 | 151.906 | 148.436 | 144.524 | 147.99 | 
160 | 155.246 | 151.907 | 148.437 | 144.524 | 147.99 | 
160 | 155.247 | 151.907 | 148.437 | 144.525 | 147.99 | 
160 | 155.248 | 151.908 | 148.437 | 144.525 | 147.99 | 
160 | 155.248 | 151.908 | 148.437 | 144.525 | 147.99 | 
160 | 155.249 | 151.909 | 148.438 | 144.526 | 147.99 | 
160 | 155.249 | 151.909 | 148.438 | 144.526 | 147.99 | 
160 | 155.25 | 151.91 | 148.438 | 144.527 | 147.99 | 
160 | 155.251 | 151.91 | 148.438 | 144.527 | 147.99 | 
160 | 155.251 | 151.911 | 148.438 | 144.527 | 147.99 | 
160 | 155.252 | 151.911 | 148.439 | 144.528 | 147.99 | 
160 | 155.253 | 151.912 | 148.439 | 144.528 | 147.99 | 
160 | 155.253 | 151.912 | 148.439 | 144.528 | 147.99 | 
160 | 155.254 | 151.913 | 148.439 | 144.529 | 147.99 | 
160 | 155.255 | 151.913 | 148.44 | 144.529 | 147.99 | 
160 | 155.255 | 151.914 | 148.44 | 144.53 | 147.99 | 
160 | 155.256 | 151.914 | 148.44 | 144.53 | 147.99 | 
160 | 155.257 | 151.915 | 148.44 | 144.53 | 147.99 | 
160 | 155.257 | 151.915 | 148.44 | 144.531 | 147.99 | 
160 | 155.258 | 151.916 | 148.441 | 144.531 | 147.99 | 
160 | 155.258 | 151.916 | 148.441 | 144.531 | 147.99 | 
160 | 155.259 | 151.917 | 148.441 | 144.532 | 147.99 | 
160 | 155.26 | 151.917 | 148.441 | 144.532 | 147.99 | 
160 | 155.26 | 151.918 | 148.442 | 144.533 | 147.99 | 
160 | 155.261 | 151.918 | 148.442 | 144.533 | 147.99 | 
160 | 155.262 | 151.919 | 148.442 | 144.533 | 147.99 | 
160 | 155.262 | 151.919 | 148.442 | 144.534 | 147.99 | 
160 | 155.263 | 151.92 | 148.442 | 144.534 | 147.99 | 
160 | 155.264 | 151.92 | 148.443 | 144.534 | 147.99 | 
160 | 155.264 | 151.921 | 148.443 | 144.535 | 147.99 | 
160 | 155.265 | 151.921 | 148.443 | 144.535 | 147.99 | 
160 | 155.266 | 151.922 | 148.443 | 144.536 | 147.99 | 
160 | 155.266 | 151.922 | 148.443 | 144.536 | 147.99 | 
160 | 155.267 | 151.923 | 148.444 | 144.536 | 147.99 | 
160 | 155.267 | 151.923 | 148.444 | 144.537 | 147.99 | 
160 | 155.268 | 151.924 | 148.444 | 144.537 | 147.99 | 
160 | 155.269 | 151.924 | 148.444 | 144.537 | 147.99 | 
160 | 155.269 | 151.925 | 148.445 | 144.538 | 147.99 | 
160 | 155.27 | 151.925 | 148.445 | 144.538 | 147.99 | 
160 | 155.271 | 151.926 | 148.445 | 144.539 | 147.99 | 
160 | 155.271 | 151.926 | 148.445 | 144.539 | 147.99 | 
160 | 155.272 | 151.927 | 148.445 | 144.539 | 147.99 | 
160 | 155.273 | 151.927 | 148.446 | 144.54 | 147.99 | 
160 | 155.273 | 151.927 | 148.446 | 144.54 | 147.99 | 
160 | 155.274 | 151.928 | 148.446 | 144.54 | 147.99 | 
160 | 155.274 | 151.928 | 148.446 | 144.541 | 147.99 | 
160 | 155.275 | 151.929 | 148.447 | 144.541 | 147.99 | 
160 | 155.276 | 151.929 | 148.447 | 144.542 | 147.99 | 
160 | 155.276 | 151.93 | 148.447 | 144.542 | 147.99 | 
160 | 155.277 | 151.93 | 148.447 | 144.542 | 147.99 | 
160 | 155.278 | 151.931 | 148.447 | 144.543 | 147.99 | 
160 | 155.278 | 151.931 | 148.448 | 144.543 | 147.99 | 
160 | 155.279 | 151.932 | 148.448 | 144.543 | 147.99 | 
160 | 155.28 | 151.932 | 148.448 | 144.544 | 147.99 | 
160 | 155.28 | 151.933 | 148.448 | 144.544 | 147.99 | 
160 | 155.281 | 151.933 | 148.449 | 144.544 | 147.99 | 
160 | 155.281 | 151.934 | 148.449 | 144.545 | 147.99 | 
160 | 155.282 | 151.934 | 148.449 | 144.545 | 147.99 | 
160 | 155.283 | 151.935 | 148.449 | 144.546 | 147.99 | 
160 | 155.283 | 151.935 | 148.449 | 144.546 | 147.99 | 
160 | 155.284 | 151.936 | 148.45 | 144.546 | 147.99 | 
160 | 155.285 | 151.936 | 148.45 | 144.547 | 147.99 | 
160 | 155.285 | 151.937 | 148.45 | 144.547 | 147.99 | 
160 | 155.286 | 151.937 | 148.45 | 144.547 | 147.99 | 
160 | 155.286 | 151.938 | 148.45 | 144.548 | 147.99 | 
160 | 155.287 | 151.938 | 148.451 | 144.548 | 147.99 | 
160 | 155.288 | 151.938 | 148.451 | 144.549 | 147.99 | 
160 | 155.288 | 151.939 | 148.451 | 144.549 | 147.99 | 
160 | 155.289 | 151.939 | 148.451 | 144.549 | 147.99 | 
160 | 155.29 | 151.94 | 148.452 | 144.55 | 147.99 | 
160 | 155.29 | 151.94 | 148.452 | 144.55 | 147.99 | 
160 | 155.291 | 151.941 | 148.452 | 144.55 | 147.99 | 
160 | 155.291 | 151.941 | 148.452 | 144.551 | 147.99 | 
160 | 155.292 | 151.942 | 148.452 | 144.551 | 147.99 | 
160 | 155.293 | 151.942 | 148.453 | 144.551 | 147.99 | 
160 | 155.293 | 151.943 | 148.453 | 144.552 | 147.99 | 
160 | 155.294 | 151.943 | 148.453 | 144.552 | 147.99 | 
160 | 155.295 | 151.944 | 148.453 | 144.553 | 147.99 | 
160 | 155.295 | 151.944 | 148.453 | 144.553 | 147.99 | 
160 | 155.296 | 151.945 | 148.454 | 144.553 | 147.99 | 
160 | 155.296 | 151.945 | 148.454 | 144.554 | 147.99 | 
160 | 155.297 | 151.946 | 148.454 | 144.554 | 147.99 | 
160 | 155.298 | 151.946 | 148.454 | 144.554 | 147.99 | 
160 | 155.298 | 151.946 | 148.455 | 144.555 | 147.99 | 
160 | 155.299 | 151.947 | 148.455 | 144.555 | 147.99 | 
160 | 155.3 | 151.947 | 148.455 | 144.555 | 147.99 | 
160 | 155.3 | 151.948 | 148.455 | 144.556 | 147.99 | 
160 | 155.301 | 151.948 | 148.455 | 144.556 | 147.99 | 
160 | 155.301 | 151.949 | 148.456 | 144.557 | 147.99 | 
160 | 155.302 | 151.949 | 148.456 | 144.557 | 147.99 | 
160 | 155.303 | 151.95 | 148.456 | 144.557 | 147.99 | 
160 | 155.303 | 151.95 | 148.456 | 144.558 | 147.99 | 
160 | 155.304 | 151.951 | 148.456 | 144.558 | 147.99 | 
160 | 155.304 | 151.951 | 148.457 | 144.558 | 147.99 | 
160 | 155.305 | 151.952 | 148.457 | 144.559 | 147.99 | 
160 | 155.306 | 151.952 | 148.457 | 144.559 | 147.99 | 
160 | 155.306 | 151.953 | 148.457 | 144.559 | 147.99 | 
160 | 155.307 | 151.953 | 148.458 | 144.56 | 147.99 | 
160 | 155.308 | 151.953 | 148.458 | 144.56 | 147.99 | 
160 | 155.308 | 151.954 | 148.458 | 144.56 | 147.99 | 
160 | 155.309 | 151.954 | 148.458 | 144.561 | 147.99 | 
160 | 155.309 | 151.955 | 148.458 | 144.561 | 147.99 | 
160 | 155.31 | 151.955 | 148.459 | 144.562 | 147.99 | 
160 | 155.311 | 151.956 | 148.459 | 144.562 | 147.99 | 
160 | 155.311 | 151.956 | 148.459 | 144.562 | 147.99 | 
160 | 155.312 | 151.957 | 148.459 | 144.563 | 147.99 | 
160 | 155.312 | 151.957 | 148.459 | 144.563 | 147.99 | 
160 | 155.313 | 151.958 | 148.46 | 144.563 | 147.99 | 
160 | 155.314 | 151.958 | 148.46 | 144.564 | 147.99 | 
160 | 155.314 | 151.959 | 148.46 | 144.564 | 147.99 | 
160 | 155.315 | 151.959 | 148.46 | 144.564 | 147.99 | 
160 | 155.316 | 151.959 | 148.461 | 144.565 | 147.99 | 
160 | 155.316 | 151.96 | 148.461 | 144.565 | 147.99 | 
160 | 155.317 | 151.96 | 148.461 | 144.566 | 147.99 | 
160 | 155.317 | 151.961 | 148.461 | 144.566 | 147.99 | 
160 | 155.318 | 151.961 | 148.461 | 144.566 | 147.99 | 
160 | 155.319 | 151.962 | 148.462 | 144.567 | 147.99 | 
160 | 155.319 | 151.962 | 148.462 | 144.567 | 147.99 | 
160 | 155.32 | 151.963 | 148.462 | 144.567 | 147.99 | 
160 | 155.32 | 151.963 | 148.462 | 144.568 | 147.99 | 
160 | 155.321 | 151.964 | 148.462 | 144.568 | 147.99 | 
160 | 155.322 | 151.964 | 148.463 | 144.568 | 147.99 | 
160 | 155.322 | 151.964 | 148.463 | 144.569 | 147.99 | 
160 | 155.323 | 151.965 | 148.463 | 144.569 | 147.99 | 
160 | 155.323 | 151.965 | 148.463 | 144.569 | 147.99 | 
160 | 155.324 | 151.966 | 148.463 | 144.57 | 147.99 | 
160 | 155.325 | 151.966 | 148.464 | 144.57 | 147.99 | 
160 | 155.325 | 151.967 | 148.464 | 144.57 | 147.99 | 
160 | 155.326 | 151.967 | 148.464 | 144.571 | 147.99 | 
160 | 155.326 | 151.968 | 148.464 | 144.571 | 147.99 | 
160 | 155.327 | 151.968 | 148.465 | 144.572 | 147.99 | 
160 | 155.328 | 151.969 | 148.465 | 144.572 | 147.99 | 
160 | 155.328 | 151.969 | 148.465 | 144.572 | 147.99 | 
160 | 155.329 | 151.969 | 148.465 | 144.573 | 147.99 | 
160 | 155.329 | 151.97 | 148.465 | 144.573 | 147.99 | 
160 | 155.33 | 151.97 | 148.466 | 144.573 | 147.99 | 
160 | 155.331 | 151.971 | 148.466 | 144.574 | 147.99 | 
160 | 155.331 | 151.971 | 148.466 | 144.574 | 147.99 | 
160 | 155.332 | 151.972 | 148.466 | 144.574 | 147.99 | 
160 | 155.332 | 151.972 | 148.466 | 144.575 | 147.99 | 
160 | 155.333 | 151.973 | 148.467 | 144.575 | 147.99 | 
160 | 155.334 | 151.973 | 148.467 | 144.575 | 147.99 | 
160 | 155.334 | 151.973 | 148.467 | 144.576 | 147.99 | 
160 | 155.335 | 151.974 | 148.467 | 144.576 | 147.99 | 
160 | 155.335 | 151.974 | 148.467 | 144.576 | 147.99 | 
160 | 155.336 | 151.975 | 148.468 | 144.577 | 147.99 | 
160 | 155.337 | 151.975 | 148.468 | 144.577 | 147.99 | 
160 | 155.337 | 151.976 | 148.468 | 144.578 | 147.99 | 
160 | 155.338 | 151.976 | 148.468 | 144.578 | 147.99 | 
160 | 155.338 | 151.977 | 148.468 | 144.578 | 147.99 | 
160 | 155.339 | 151.977 | 148.469 | 144.579 | 147.99 | 
160 | 155.34 | 151.977 | 148.469 | 144.579 | 147.99 | 
160 | 155.34 | 151.978 | 148.469 | 144.579 | 147.99 | 
160 | 155.341 | 151.978 | 148.469 | 144.58 | 147.99 | 
160 | 155.341 | 151.979 | 148.469 | 144.58 | 147.99 | 
160 | 155.342 | 151.979 | 148.47 | 144.58 | 147.99 | 
160 | 155.343 | 151.98 | 148.47 | 144.581 | 147.99 | 
160 | 155.343 | 151.98 | 148.47 | 144.581 | 147.99 | 
160 | 155.344 | 151.981 | 148.47 | 144.581 | 147.99 | 
160 | 155.344 | 151.981 | 148.471 | 144.582 | 147.99 | 
160 | 155.345 | 151.981 | 148.471 | 144.582 | 147.99 | 
160 | 155.346 | 151.982 | 148.471 | 144.582 | 147.99 | 
160 | 155.346 | 151.982 | 148.471 | 144.583 | 147.99 | 
160 | 155.347 | 151.983 | 148.471 | 144.583 | 147.99 | 
160 | 155.347 | 151.983 | 148.472 | 144.583 | 147.99 | 
160 | 155.348 | 151.984 | 148.472 | 144.584 | 147.99 | 
160 | 155.349 | 151.984 | 148.472 | 144.584 | 147.99 | 
160 | 155.349 | 151.985 | 148.472 | 144.585 | 147.99 | 
160 | 155.35 | 151.985 | 148.472 | 144.585 | 147.99 | 
160 | 155.35 | 151.985 | 148.473 | 144.585 | 147.99 | 
160 | 155.351 | 151.986 | 148.473 | 144.586 | 147.99 | 
160 | 155.352 | 151.986 | 148.473 | 144.586 | 147.99 | 
160 | 155.352 | 151.987 | 148.473 | 144.586 | 147.99 | 
160 | 155.353 | 151.987 | 148.473 | 144.587 | 147.99 | 
160 | 155.353 | 151.988 | 148.474 | 144.587 | 147.99 | 
160 | 155.354 | 151.988 | 148.474 | 144.587 | 147.99 | 
160 | 155.354 | 151.988 | 148.474 | 144.588 | 147.99 | 
160 | 155.355 | 151.989 | 148.474 | 144.588 | 147.99 | 
160 | 155.356 | 151.989 | 148.474 | 144.588 | 147.99 | 
160 | 155.356 | 151.99 | 148.475 | 144.589 | 147.99 | 
160 | 155.357 | 151.99 | 148.475 | 144.589 | 147.99 | 
160 | 155.357 | 151.991 | 148.475 | 144.589 | 147.99 | 
160 | 155.358 | 151.991 | 148.475 | 144.59 | 147.99 | 
160 | 155.359 | 151.992 | 148.475 | 144.59 | 147.99 | 
160 | 155.359 | 151.992 | 148.476 | 144.59 | 147.99 | 
160 | 155.36 | 151.992 | 148.476 | 144.591 | 147.99 | 
160 | 155.36 | 151.993 | 148.476 | 144.591 | 147.99 | 
160 | 155.361 | 151.993 | 148.476 | 144.591 | 147.99 | 
160 | 155.362 | 151.994 | 148.476 | 144.592 | 147.99 | 
160 | 155.362 | 151.994 | 148.477 | 144.592 | 147.99 | 
160 | 155.363 | 151.995 | 148.477 | 144.592 | 147.99 | 
160 | 155.363 | 151.995 | 148.477 | 144.593 | 147.99 | 
160 | 155.364 | 151.995 | 148.477 | 144.593 | 147.99 | 
160 | 155.364 | 151.996 | 148.477 | 144.594 | 147.99 | 
160 | 155.365 | 151.996 | 148.478 | 144.594 | 147.99 | 
160 | 155.366 | 151.997 | 148.478 | 144.594 | 147.99 | 
160 | 155.366 | 151.997 | 148.478 | 144.595 | 147.99 | 
160 | 155.367 | 151.998 | 148.478 | 144.595 | 147.99 | 
160 | 155.367 | 151.998 | 148.478 | 144.595 | 147.99 | 
160 | 155.368 | 151.998 | 148.479 | 144.596 | 147.99 | 
160 | 155.369 | 151.999 | 148.479 | 144.596 | 147.99 | 
160 | 155.369 | 151.999 | 148.479 | 144.596 | 147.99 | 
160 | 155.37 | 152 | 148.479 | 144.597 | 147.99 | 
160 | 155.37 | 152 | 148.479 | 144.597 | 147.99 | 
160 | 155.371 | 152.001 | 148.48 | 144.597 | 147.99 | 
160 | 155.371 | 152.001 | 148.48 | 144.598 | 147.99 | 
160 | 155.372 | 152.001 | 148.48 | 144.598 | 147.99 | 
160 | 155.373 | 152.002 | 148.48 | 144.598 | 147.99 | 
160 | 155.373 | 152.002 | 148.48 | 144.599 | 147.99 | 
160 | 155.374 | 152.003 | 148.481 | 144.599 | 147.99 | 
160 | 155.374 | 152.003 | 148.481 | 144.599 | 147.99 | 
160 | 155.375 | 152.004 | 148.481 | 144.6 | 147.99 | 
160 | 155.375 | 152.004 | 148.481 | 144.6 | 147.99 | 
160 | 155.376 | 152.004 | 148.481 | 144.6 | 147.99 | 
160 | 155.377 | 152.005 | 148.482 | 144.601 | 147.99 | 
160 | 155.377 | 152.005 | 148.482 | 144.601 | 147.99 | 
160 | 155.378 | 152.006 | 148.482 | 144.601 | 147.99 | 
160 | 155.378 | 152.006 | 148.482 | 144.602 | 147.99 | 
160 | 155.379 | 152.007 | 148.482 | 144.602 | 147.99 | 
160 | 155.379 | 152.007 | 148.483 | 144.602 | 147.99 | 
160 | 155.38 | 152.007 | 148.483 | 144.603 | 147.99 | 
160 | 155.381 | 152.008 | 148.483 | 144.603 | 147.99 | 
160 | 155.381 | 152.008 | 148.483 | 144.603 | 147.99 | 
160 | 155.382 | 152.009 | 148.483 | 144.604 | 147.99 | 
160 | 155.382 | 152.009 | 148.484 | 144.604 | 147.99 | 
160 | 155.383 | 152.009 | 148.484 | 144.604 | 147.99 | 
160 | 155.383 | 152.01 | 148.484 | 144.605 | 147.99 | 
160 | 155.384 | 152.01 | 148.484 | 144.605 | 147.99 | 
160 | 155.385 | 152.011 | 148.484 | 144.605 | 147.99 | 
160 | 155.385 | 152.011 | 148.485 | 144.606 | 147.99 | 
160 | 155.386 | 152.012 | 148.485 | 144.606 | 147.99 | 
160 | 155.386 | 152.012 | 148.485 | 144.606 | 147.99 | 
160 | 155.387 | 152.012 | 148.485 | 144.607 | 147.99 | 
160 | 155.387 | 152.013 | 148.485 | 144.607 | 147.99 | 
160 | 155.388 | 152.013 | 148.486 | 144.607 | 147.99 | 
160 | 155.389 | 152.014 | 148.486 | 144.608 | 147.99 | 
160 | 155.389 | 152.014 | 148.486 | 144.608 | 147.99 | 
160 | 155.39 | 152.014 | 148.486 | 144.608 | 147.99 | 
160 | 155.39 | 152.015 | 148.486 | 144.609 | 147.99 | 
160 | 155.391 | 152.015 | 148.487 | 144.609 | 147.99 | 
160 | 155.391 | 152.016 | 148.487 | 144.609 | 147.99 | 
160 | 155.392 | 152.016 | 148.487 | 144.61 | 147.99 | 
160 | 155.393 | 152.017 | 148.487 | 144.61 | 147.99 | 
160 | 155.393 | 152.017 | 148.487 | 144.61 | 147.99 | 
160 | 155.394 | 152.017 | 148.488 | 144.611 | 147.99 | 
160 | 155.394 | 152.018 | 148.488 | 144.611 | 147.99 | 
160 | 155.395 | 152.018 | 148.488 | 144.611 | 147.99 | 
160 | 155.395 | 152.019 | 148.488 | 144.612 | 147.99 | 
160 | 155.396 | 152.019 | 148.488 | 144.612 | 147.99 | 
160 | 155.397 | 152.019 | 148.489 | 144.612 | 147.99 | 
160 | 155.397 | 152.02 | 148.489 | 144.613 | 147.99 | 
160 | 155.398 | 152.02 | 148.489 | 144.613 | 147.99 | 
160 | 155.398 | 152.021 | 148.489 | 144.613 | 147.99 | 
160 | 155.399 | 152.021 | 148.489 | 144.614 | 147.99 | 
160 | 155.399 | 152.022 | 148.49 | 144.614 | 147.99 | 
160 | 155.4 | 152.022 | 148.49 | 144.614 | 147.99 | 
160 | 155.4 | 152.022 | 148.49 | 144.615 | 147.99 | 
160 | 155.401 | 152.023 | 148.49 | 144.615 | 147.99 | 
160 | 155.402 | 152.023 | 148.49 | 144.615 | 147.99 | 
160 | 155.402 | 152.024 | 148.491 | 144.616 | 147.99 | 
160 | 155.403 | 152.024 | 148.491 | 144.616 | 147.99 | 
160 | 155.403 | 152.024 | 148.491 | 144.616 | 147.99 | 
160 | 155.404 | 152.025 | 148.491 | 144.617 | 147.99 | 
160 | 155.404 | 152.025 | 148.491 | 144.617 | 147.99 | 
160 | 155.405 | 152.026 | 148.491 | 144.617 | 147.99 | 
160 | 155.406 | 152.026 | 148.492 | 144.618 | 147.99 | 
160 | 155.406 | 152.026 | 148.492 | 144.618 | 147.99 | 
160 | 155.407 | 152.027 | 148.492 | 144.618 | 147.99 | 
160 | 155.407 | 152.027 | 148.492 | 144.619 | 147.99 | 
160 | 155.408 | 152.028 | 148.492 | 144.619 | 147.99 | 
160 | 155.408 | 152.028 | 148.493 | 144.619 | 147.99 | 
160 | 155.409 | 152.028 | 148.493 | 144.62 | 147.99 | 
160 | 155.409 | 152.029 | 148.493 | 144.62 | 147.99 | 
160 | 155.41 | 152.029 | 148.493 | 144.62 | 147.99 | 
160 | 155.411 | 152.03 | 148.493 | 144.621 | 147.99 | 
160 | 155.411 | 152.03 | 148.494 | 144.621 | 147.99 | 
160 | 155.412 | 152.031 | 148.494 | 144.621 | 147.99 | 
160 | 155.412 | 152.031 | 148.494 | 144.622 | 147.99 | 
160 | 155.413 | 152.031 | 148.494 | 144.622 | 147.99 | 
160 | 155.413 | 152.032 | 148.494 | 144.622 | 147.99 | 
160 | 155.414 | 152.032 | 148.495 | 144.623 | 147.99 | 
160 | 155.414 | 152.033 | 148.495 | 144.623 | 147.99 | 
160 | 155.415 | 152.033 | 148.495 | 144.623 | 147.99 | 
160 | 155.416 | 152.033 | 148.495 | 144.624 | 147.99 | 
160 | 155.416 | 152.034 | 148.495 | 144.624 | 147.99 | 
160 | 155.417 | 152.034 | 148.496 | 144.624 | 147.99 | 
160 | 155.417 | 152.035 | 148.496 | 144.625 | 147.99 | 
160 | 155.418 | 152.035 | 148.496 | 144.625 | 147.99 | 
160 | 155.418 | 152.035 | 148.496 | 144.625 | 147.99 | 
160 | 155.419 | 152.036 | 148.496 | 144.626 | 147.99 | 
160 | 155.419 | 152.036 | 148.496 | 144.626 | 147.99 | 
160 | 155.42 | 152.037 | 148.497 | 144.626 | 147.99 | 
