120.37 | 120.37 | 124.377 | 128.383 | 132.39 | 
120.37 | 120.372 | 124.377 | 128.384 | 132.39 | 
120.37 | 120.375 | 124.378 | 128.384 | 132.39 | 
120.37 | 120.377 | 124.378 | 128.385 | 132.39 | 
120.37 | 120.38 | 124.379 | 128.385 | 132.39 | 
120.37 | 120.382 | 124.379 | 128.386 | 132.39 | 
120.37 | 120.385 | 124.38 | 128.386 | 132.39 | 
120.37 | 120.387 | 124.38 | 128.386 | 132.39 | 
120.37 | 120.39 | 124.38 | 128.387 | 132.39 | 
120.37 | 120.392 | 124.381 | 128.387 | 132.39 | 
120.37 | 120.394 | 124.381 | 128.387 | 132.39 | 
120.37 | 120.397 | 124.382 | 128.387 | 132.39 | 
120.37 | 120.399 | 124.382 | 128.388 | 132.39 | 
120.37 | 120.402 | 124.383 | 128.388 | 132.39 | 
120.37 | 120.404 | 124.383 | 128.388 | 132.39 | 
120.37 | 120.407 | 124.383 | 128.388 | 132.39 | 
120.37 | 120.409 | 124.384 | 128.389 | 132.39 | 
120.37 | 120.411 | 124.384 | 128.389 | 132.39 | 
120.37 | 120.414 | 124.384 | 128.389 | 132.39 | 
120.37 | 120.416 | 124.385 | 128.389 | 132.39 | 
120.37 | 120.418 | 124.385 | 128.39 | 132.39 | 
120.37 | 120.421 | 124.385 | 128.39 | 132.39 | 
120.37 | 120.423 | 124.386 | 128.39 | 132.39 | 
120.37 | 120.425 | 124.386 | 128.39 | 132.39 | 
120.37 | 120.427 | 124.386 | 128.39 | 132.39 | 
120.37 | 120.43 | 124.386 | 128.391 | 132.39 | 
120.37 | 120.432 | 124.387 | 128.391 | 132.39 | 
120.37 | 120.434 | 124.387 | 128.391 | 132.39 | 
120.37 | 120.436 | 124.387 | 128.391 | 132.39 | 
120.37 | 120.439 | 124.388 | 128.391 | 132.39 | 
120.37 | 120.441 | 124.388 | 128.392 | 132.39 | 
120.37 | 120.443 | 124.388 | 128.392 | 132.39 | 
120.37 | 120.445 | 124.388 | 128.392 | 132.39 | 
120.37 | 120.447 | 124.389 | 128.392 | 132.39 | 
120.37 | 120.45 | 124.389 | 128.393 | 132.39 | 
120.37 | 120.452 | 124.389 | 128.393 | 132.39 | 
120.37 | 120.454 | 124.39 | 128.393 | 132.39 | 
120.37 | 120.456 | 124.39 | 128.393 | 132.39 | 
120.37 | 120.458 | 124.39 | 128.393 | 132.39 | 
120.37 | 120.46 | 124.391 | 128.394 | 132.39 | 
120.37 | 120.462 | 124.391 | 128.394 | 132.39 | 
120.37 | 120.465 | 124.391 | 128.394 | 132.39 | 
120.37 | 120.467 | 124.391 | 128.394 | 132.39 | 
120.37 | 120.469 | 124.392 | 128.394 | 132.39 | 
120.37 | 120.471 | 124.392 | 128.395 | 132.39 | 
120.37 | 120.473 | 124.392 | 128.395 | 132.39 | 
120.37 | 120.475 | 124.393 | 128.395 | 132.39 | 
120.37 | 120.477 | 124.393 | 128.395 | 132.39 | 
120.37 | 120.479 | 124.393 | 128.396 | 132.39 | 
120.37 | 120.481 | 124.394 | 128.396 | 132.39 | 
120.37 | 120.484 | 124.394 | 128.396 | 132.39 | 
120.37 | 120.486 | 124.394 | 128.396 | 132.39 | 
120.37 | 120.488 | 124.395 | 128.396 | 132.39 | 
120.37 | 120.49 | 124.395 | 128.397 | 132.39 | 
120.37 | 120.492 | 124.395 | 128.397 | 132.39 | 
120.37 | 120.494 | 124.396 | 128.397 | 132.39 | 
120.37 | 120.496 | 124.396 | 128.397 | 132.39 | 
120.37 | 120.498 | 124.396 | 128.397 | 132.39 | 
120.37 | 120.5 | 124.397 | 128.398 | 132.39 | 
120.37 | 120.502 | 124.397 | 128.398 | 132.39 | 
120.37 | 120.505 | 124.398 | 128.398 | 132.39 | 
120.37 | 120.507 | 124.398 | 128.398 | 132.39 | 
120.37 | 120.509 | 124.398 | 128.398 | 132.39 | 
120.37 | 120.511 | 124.399 | 128.399 | 132.39 | 
120.37 | 120.513 | 124.399 | 128.399 | 132.39 | 
120.37 | 120.515 | 124.399 | 128.399 | 132.39 | 
120.37 | 120.517 | 124.4 | 128.399 | 132.39 | 
120.37 | 120.519 | 124.4 | 128.399 | 132.39 | 
120.37 | 120.521 | 124.4 | 128.4 | 132.39 | 
120.37 | 120.523 | 124.401 | 128.4 | 132.39 | 
120.37 | 120.525 | 124.401 | 128.4 | 132.39 | 
120.37 | 120.527 | 124.401 | 128.4 | 132.39 | 
120.37 | 120.53 | 124.402 | 128.4 | 132.39 | 
120.37 | 120.532 | 124.402 | 128.401 | 132.39 | 
120.37 | 120.534 | 124.402 | 128.401 | 132.39 | 
120.37 | 120.536 | 124.403 | 128.401 | 132.39 | 
120.37 | 120.538 | 124.403 | 128.401 | 132.39 | 
120.37 | 120.54 | 124.404 | 128.401 | 132.39 | 
120.37 | 120.542 | 124.404 | 128.402 | 132.39 | 
120.37 | 120.544 | 124.404 | 128.402 | 132.39 | 
120.37 | 120.546 | 124.405 | 128.402 | 132.39 | 
120.37 | 120.548 | 124.405 | 128.402 | 132.39 | 
120.37 | 120.55 | 124.405 | 128.402 | 132.39 | 
120.37 | 120.552 | 124.406 | 128.403 | 132.39 | 
120.37 | 120.554 | 124.406 | 128.403 | 132.39 | 
120.37 | 120.556 | 124.406 | 128.403 | 132.39 | 
120.37 | 120.558 | 124.407 | 128.403 | 132.39 | 
120.37 | 120.561 | 124.407 | 128.403 | 132.39 | 
120.37 | 120.563 | 124.407 | 128.404 | 132.39 | 
120.37 | 120.565 | 124.408 | 128.404 | 132.39 | 
120.37 | 120.567 | 124.408 | 128.404 | 132.39 | 
120.37 | 120.569 | 124.409 | 128.404 | 132.39 | 
120.37 | 120.571 | 124.409 | 128.404 | 132.39 | 
120.37 | 120.573 | 124.409 | 128.404 | 132.39 | 
120.37 | 120.575 | 124.41 | 128.405 | 132.39 | 
120.37 | 120.577 | 124.41 | 128.405 | 132.39 | 
120.37 | 120.579 | 124.41 | 128.405 | 132.39 | 
120.37 | 120.581 | 124.411 | 128.405 | 132.39 | 
120.37 | 120.583 | 124.411 | 128.405 | 132.39 | 
120.37 | 120.585 | 124.412 | 128.406 | 132.39 | 
120.37 | 120.587 | 124.412 | 128.406 | 132.39 | 
120.37 | 120.589 | 124.412 | 128.406 | 132.39 | 
120.37 | 120.591 | 124.413 | 128.406 | 132.39 | 
120.37 | 120.593 | 124.413 | 128.406 | 132.39 | 
120.37 | 120.595 | 124.413 | 128.407 | 132.39 | 
120.37 | 120.597 | 124.414 | 128.407 | 132.39 | 
120.37 | 120.599 | 124.414 | 128.407 | 132.39 | 
120.37 | 120.601 | 124.415 | 128.407 | 132.39 | 
120.37 | 120.603 | 124.415 | 128.407 | 132.39 | 
120.37 | 120.605 | 124.415 | 128.408 | 132.39 | 
120.37 | 120.607 | 124.416 | 128.408 | 132.39 | 
120.37 | 120.609 | 124.416 | 128.408 | 132.39 | 
120.37 | 120.612 | 124.416 | 128.408 | 132.39 | 
120.37 | 120.614 | 124.417 | 128.408 | 132.39 | 
120.37 | 120.616 | 124.417 | 128.409 | 132.39 | 
120.37 | 120.618 | 124.418 | 128.409 | 132.39 | 
120.37 | 120.62 | 124.418 | 128.409 | 132.39 | 
120.37 | 120.622 | 124.418 | 128.409 | 132.39 | 
120.37 | 120.624 | 124.419 | 128.409 | 132.39 | 
120.37 | 120.626 | 124.419 | 128.41 | 132.39 | 
120.37 | 120.628 | 124.42 | 128.41 | 132.39 | 
120.37 | 120.63 | 124.42 | 128.41 | 132.39 | 
120.37 | 120.632 | 124.42 | 128.41 | 132.39 | 
120.37 | 120.634 | 124.421 | 128.41 | 132.39 | 
120.37 | 120.636 | 124.421 | 128.411 | 132.39 | 
120.37 | 120.638 | 124.422 | 128.411 | 132.39 | 
120.37 | 120.64 | 124.422 | 128.411 | 132.39 | 
120.37 | 120.642 | 124.422 | 128.411 | 132.39 | 
120.37 | 120.644 | 124.423 | 128.411 | 132.39 | 
120.37 | 120.646 | 124.423 | 128.412 | 132.39 | 
120.37 | 120.648 | 124.424 | 128.412 | 132.39 | 
120.37 | 120.65 | 124.424 | 128.412 | 132.39 | 
120.37 | 120.652 | 124.424 | 128.412 | 132.39 | 
120.37 | 120.654 | 124.425 | 128.412 | 132.39 | 
120.37 | 120.656 | 124.425 | 128.413 | 132.39 | 
120.37 | 120.658 | 124.426 | 128.413 | 132.39 | 
120.37 | 120.66 | 124.426 | 128.413 | 132.39 | 
120.37 | 120.662 | 124.426 | 128.413 | 132.39 | 
120.37 | 120.664 | 124.427 | 128.413 | 132.39 | 
120.37 | 120.666 | 124.427 | 128.414 | 132.39 | 
120.37 | 120.668 | 124.428 | 128.414 | 132.39 | 
120.37 | 120.67 | 124.428 | 128.414 | 132.39 | 
120.37 | 120.672 | 124.428 | 128.414 | 132.39 | 
120.37 | 120.674 | 124.429 | 128.414 | 132.39 | 
120.37 | 120.676 | 124.429 | 128.415 | 132.39 | 
120.37 | 120.678 | 124.43 | 128.415 | 132.39 | 
120.37 | 120.68 | 124.43 | 128.415 | 132.39 | 
120.37 | 120.682 | 124.43 | 128.415 | 132.39 | 
120.37 | 120.684 | 124.431 | 128.415 | 132.39 | 
120.37 | 120.686 | 124.431 | 128.416 | 132.39 | 
120.37 | 120.688 | 124.432 | 128.416 | 132.39 | 
120.37 | 120.69 | 124.432 | 128.416 | 132.39 | 
120.37 | 120.692 | 124.432 | 128.416 | 132.39 | 
120.37 | 120.694 | 124.433 | 128.416 | 132.39 | 
120.37 | 120.696 | 124.433 | 128.417 | 132.39 | 
120.37 | 120.698 | 124.434 | 128.417 | 132.39 | 
120.37 | 120.7 | 124.434 | 128.417 | 132.39 | 
120.37 | 120.702 | 124.435 | 128.417 | 132.39 | 
120.37 | 120.704 | 124.435 | 128.417 | 132.39 | 
120.37 | 120.705 | 124.435 | 128.418 | 132.39 | 
120.37 | 120.707 | 124.436 | 128.418 | 132.39 | 
120.37 | 120.709 | 124.436 | 128.418 | 132.39 | 
120.37 | 120.711 | 124.437 | 128.418 | 132.39 | 
120.37 | 120.713 | 124.437 | 128.419 | 132.39 | 
120.37 | 120.715 | 124.438 | 128.419 | 132.39 | 
120.37 | 120.717 | 124.438 | 128.419 | 132.39 | 
120.37 | 120.719 | 124.438 | 128.419 | 132.39 | 
120.37 | 120.721 | 124.439 | 128.419 | 132.39 | 
120.37 | 120.723 | 124.439 | 128.42 | 132.39 | 
120.37 | 120.725 | 124.44 | 128.42 | 132.39 | 
120.37 | 120.727 | 124.44 | 128.42 | 132.39 | 
120.37 | 120.729 | 124.441 | 128.42 | 132.39 | 
120.37 | 120.731 | 124.441 | 128.42 | 132.39 | 
120.37 | 120.733 | 124.441 | 128.421 | 132.39 | 
120.37 | 120.735 | 124.442 | 128.421 | 132.39 | 
120.37 | 120.737 | 124.442 | 128.421 | 132.39 | 
120.37 | 120.739 | 124.443 | 128.421 | 132.39 | 
120.37 | 120.741 | 124.443 | 128.421 | 132.39 | 
120.37 | 120.743 | 124.444 | 128.422 | 132.39 | 
120.37 | 120.745 | 124.444 | 128.422 | 132.39 | 
120.37 | 120.747 | 124.444 | 128.422 | 132.39 | 
120.37 | 120.749 | 124.445 | 128.422 | 132.39 | 
120.37 | 120.751 | 124.445 | 128.422 | 132.39 | 
120.37 | 120.753 | 124.446 | 128.423 | 132.39 | 
120.37 | 120.755 | 124.446 | 128.423 | 132.39 | 
120.37 | 120.756 | 124.447 | 128.423 | 132.39 | 
120.37 | 120.758 | 124.447 | 128.423 | 132.39 | 
120.37 | 120.76 | 124.447 | 128.423 | 132.39 | 
120.37 | 120.762 | 124.448 | 128.424 | 132.39 | 
120.37 | 120.764 | 124.448 | 128.424 | 132.39 | 
120.37 | 120.766 | 124.449 | 128.424 | 132.39 | 
120.37 | 120.768 | 124.449 | 128.424 | 132.39 | 
120.37 | 120.77 | 124.45 | 128.424 | 132.39 | 
120.37 | 120.772 | 124.45 | 128.425 | 132.39 | 
120.37 | 120.774 | 124.451 | 128.425 | 132.39 | 
120.37 | 120.776 | 124.451 | 128.425 | 132.39 | 
120.37 | 120.778 | 124.451 | 128.425 | 132.39 | 
120.37 | 120.78 | 124.452 | 128.425 | 132.39 | 
120.37 | 120.782 | 124.452 | 128.426 | 132.39 | 
120.37 | 120.784 | 124.453 | 128.426 | 132.39 | 
120.37 | 120.786 | 124.453 | 128.426 | 132.39 | 
120.37 | 120.787 | 124.454 | 128.426 | 132.39 | 
120.37 | 120.789 | 124.454 | 128.427 | 132.39 | 
120.37 | 120.791 | 124.455 | 128.427 | 132.39 | 
120.37 | 120.793 | 124.455 | 128.427 | 132.39 | 
120.37 | 120.795 | 124.455 | 128.427 | 132.39 | 
120.37 | 120.797 | 124.456 | 128.427 | 132.39 | 
120.37 | 120.799 | 124.456 | 128.428 | 132.39 | 
120.37 | 120.801 | 124.457 | 128.428 | 132.39 | 
120.37 | 120.803 | 124.457 | 128.428 | 132.39 | 
120.37 | 120.805 | 124.458 | 128.428 | 132.39 | 
120.37 | 120.807 | 124.458 | 128.428 | 132.39 | 
120.37 | 120.809 | 124.459 | 128.429 | 132.39 | 
120.37 | 120.811 | 124.459 | 128.429 | 132.39 | 
120.37 | 120.812 | 124.46 | 128.429 | 132.39 | 
120.37 | 120.814 | 124.46 | 128.429 | 132.39 | 
120.37 | 120.816 | 124.461 | 128.429 | 132.39 | 
120.37 | 120.818 | 124.461 | 128.43 | 132.39 | 
120.37 | 120.82 | 124.461 | 128.43 | 132.39 | 
120.37 | 120.822 | 124.462 | 128.43 | 132.39 | 
120.37 | 120.824 | 124.462 | 128.43 | 132.39 | 
120.37 | 120.826 | 124.463 | 128.43 | 132.39 | 
120.37 | 120.828 | 124.463 | 128.431 | 132.39 | 
120.37 | 120.83 | 124.464 | 128.431 | 132.39 | 
120.37 | 120.832 | 124.464 | 128.431 | 132.39 | 
120.37 | 120.833 | 124.465 | 128.431 | 132.39 | 
120.37 | 120.835 | 124.465 | 128.432 | 132.39 | 
120.37 | 120.837 | 124.466 | 128.432 | 132.39 | 
120.37 | 120.839 | 124.466 | 128.432 | 132.39 | 
120.37 | 120.841 | 124.467 | 128.432 | 132.39 | 
120.37 | 120.843 | 124.467 | 128.432 | 132.39 | 
120.37 | 120.845 | 124.467 | 128.433 | 132.39 | 
120.37 | 120.847 | 124.468 | 128.433 | 132.39 | 
120.37 | 120.849 | 124.468 | 128.433 | 132.39 | 
120.37 | 120.851 | 124.469 | 128.433 | 132.39 | 
120.37 | 120.852 | 124.469 | 128.433 | 132.39 | 
120.37 | 120.854 | 124.47 | 128.434 | 132.39 | 
120.37 | 120.856 | 124.47 | 128.434 | 132.39 | 
120.37 | 120.858 | 124.471 | 128.434 | 132.39 | 
120.37 | 120.86 | 124.471 | 128.434 | 132.39 | 
120.37 | 120.862 | 124.472 | 128.434 | 132.39 | 
120.37 | 120.864 | 124.472 | 128.435 | 132.39 | 
120.37 | 120.866 | 124.473 | 128.435 | 132.39 | 
120.37 | 120.868 | 124.473 | 128.435 | 132.39 | 
120.37 | 120.869 | 124.474 | 128.435 | 132.39 | 
120.37 | 120.871 | 124.474 | 128.436 | 132.39 | 
120.37 | 120.873 | 124.475 | 128.436 | 132.39 | 
120.37 | 120.875 | 124.475 | 128.436 | 132.39 | 
120.37 | 120.877 | 124.476 | 128.436 | 132.39 | 
120.37 | 120.879 | 124.476 | 128.436 | 132.39 | 
120.37 | 120.881 | 124.477 | 128.437 | 132.39 | 
120.37 | 120.883 | 124.477 | 128.437 | 132.39 | 
120.37 | 120.884 | 124.477 | 128.437 | 132.39 | 
120.37 | 120.886 | 124.478 | 128.437 | 132.39 | 
120.37 | 120.888 | 124.478 | 128.437 | 132.39 | 
120.37 | 120.89 | 124.479 | 128.438 | 132.39 | 
120.37 | 120.892 | 124.479 | 128.438 | 132.39 | 
120.37 | 120.894 | 124.48 | 128.438 | 132.39 | 
120.37 | 120.896 | 124.48 | 128.438 | 132.39 | 
120.37 | 120.898 | 124.481 | 128.439 | 132.39 | 
120.37 | 120.899 | 124.481 | 128.439 | 132.39 | 
120.37 | 120.901 | 124.482 | 128.439 | 132.39 | 
120.37 | 120.903 | 124.482 | 128.439 | 132.39 | 
120.37 | 120.905 | 124.483 | 128.439 | 132.39 | 
120.37 | 120.907 | 124.483 | 128.44 | 132.39 | 
120.37 | 120.909 | 124.484 | 128.44 | 132.39 | 
120.37 | 120.911 | 124.484 | 128.44 | 132.39 | 
120.37 | 120.912 | 124.485 | 128.44 | 132.39 | 
120.37 | 120.914 | 124.485 | 128.44 | 132.39 | 
120.37 | 120.916 | 124.486 | 128.441 | 132.39 | 
120.37 | 120.918 | 124.486 | 128.441 | 132.39 | 
120.37 | 120.92 | 124.487 | 128.441 | 132.39 | 
120.37 | 120.922 | 124.487 | 128.441 | 132.39 | 
120.37 | 120.924 | 124.488 | 128.442 | 132.39 | 
120.37 | 120.925 | 124.488 | 128.442 | 132.39 | 
120.37 | 120.927 | 124.489 | 128.442 | 132.39 | 
120.37 | 120.929 | 124.489 | 128.442 | 132.39 | 
120.37 | 120.931 | 124.49 | 128.442 | 132.39 | 
120.37 | 120.933 | 124.49 | 128.443 | 132.39 | 
120.37 | 120.935 | 124.491 | 128.443 | 132.39 | 
120.37 | 120.937 | 124.491 | 128.443 | 132.39 | 
120.37 | 120.938 | 124.492 | 128.443 | 132.39 | 
120.37 | 120.94 | 124.492 | 128.443 | 132.39 | 
120.37 | 120.942 | 124.493 | 128.444 | 132.39 | 
120.37 | 120.944 | 124.493 | 128.444 | 132.39 | 
120.37 | 120.946 | 124.494 | 128.444 | 132.39 | 
120.37 | 120.948 | 124.494 | 128.444 | 132.39 | 
120.37 | 120.949 | 124.495 | 128.445 | 132.39 | 
120.37 | 120.951 | 124.495 | 128.445 | 132.39 | 
120.37 | 120.953 | 124.496 | 128.445 | 132.39 | 
120.37 | 120.955 | 124.496 | 128.445 | 132.39 | 
120.37 | 120.957 | 124.497 | 128.445 | 132.39 | 
120.37 | 120.959 | 124.497 | 128.446 | 132.39 | 
120.37 | 120.96 | 124.498 | 128.446 | 132.39 | 
120.37 | 120.962 | 124.498 | 128.446 | 132.39 | 
120.37 | 120.964 | 124.499 | 128.446 | 132.39 | 
120.37 | 120.966 | 124.499 | 128.447 | 132.39 | 
120.37 | 120.968 | 124.5 | 128.447 | 132.39 | 
120.37 | 120.97 | 124.5 | 128.447 | 132.39 | 
120.37 | 120.971 | 124.501 | 128.447 | 132.39 | 
120.37 | 120.973 | 124.501 | 128.447 | 132.39 | 
120.37 | 120.975 | 124.502 | 128.448 | 132.39 | 
120.37 | 120.977 | 124.502 | 128.448 | 132.39 | 
120.37 | 120.979 | 124.503 | 128.448 | 132.39 | 
120.37 | 120.981 | 124.503 | 128.448 | 132.39 | 
120.37 | 120.982 | 124.504 | 128.449 | 132.39 | 
120.37 | 120.984 | 124.505 | 128.449 | 132.39 | 
120.37 | 120.986 | 124.505 | 128.449 | 132.39 | 
120.37 | 120.988 | 124.506 | 128.449 | 132.39 | 
120.37 | 120.99 | 124.506 | 128.449 | 132.39 | 
120.37 | 120.992 | 124.507 | 128.45 | 132.39 | 
120.37 | 120.993 | 124.507 | 128.45 | 132.39 | 
120.37 | 120.995 | 124.508 | 128.45 | 132.39 | 
120.37 | 120.997 | 124.508 | 128.45 | 132.39 | 
120.37 | 120.999 | 124.509 | 128.451 | 132.39 | 
120.37 | 121.001 | 124.509 | 128.451 | 132.39 | 
120.37 | 121.002 | 124.51 | 128.451 | 132.39 | 
120.37 | 121.004 | 124.51 | 128.451 | 132.39 | 
120.37 | 121.006 | 124.511 | 128.451 | 132.39 | 
120.37 | 121.008 | 124.511 | 128.452 | 132.39 | 
120.37 | 121.01 | 124.512 | 128.452 | 132.39 | 
120.37 | 121.011 | 124.512 | 128.452 | 132.39 | 
120.37 | 121.013 | 124.513 | 128.452 | 132.39 | 
120.37 | 121.015 | 124.513 | 128.453 | 132.39 | 
120.37 | 121.017 | 124.514 | 128.453 | 132.39 | 
120.37 | 121.019 | 124.514 | 128.453 | 132.39 | 
120.37 | 121.02 | 124.515 | 128.453 | 132.39 | 
120.37 | 121.022 | 124.516 | 128.453 | 132.39 | 
120.37 | 121.024 | 124.516 | 128.454 | 132.39 | 
120.37 | 121.026 | 124.517 | 128.454 | 132.39 | 
120.37 | 121.028 | 124.517 | 128.454 | 132.39 | 
120.37 | 121.029 | 124.518 | 128.454 | 132.39 | 
120.37 | 121.031 | 124.518 | 128.455 | 132.39 | 
120.37 | 121.033 | 124.519 | 128.455 | 132.39 | 
120.37 | 121.035 | 124.519 | 128.455 | 132.39 | 
120.37 | 121.037 | 124.52 | 128.455 | 132.39 | 
120.37 | 121.038 | 124.52 | 128.455 | 132.39 | 
120.37 | 121.04 | 124.521 | 128.456 | 132.39 | 
120.37 | 121.042 | 124.521 | 128.456 | 132.39 | 
120.37 | 121.044 | 124.522 | 128.456 | 132.39 | 
120.37 | 121.046 | 124.522 | 128.456 | 132.39 | 
120.37 | 121.047 | 124.523 | 128.457 | 132.39 | 
120.37 | 121.049 | 124.524 | 128.457 | 132.39 | 
120.37 | 121.051 | 124.524 | 128.457 | 132.39 | 
120.37 | 121.053 | 124.525 | 128.457 | 132.39 | 
120.37 | 121.054 | 124.525 | 128.457 | 132.39 | 
120.37 | 121.056 | 124.526 | 128.458 | 132.39 | 
120.37 | 121.058 | 124.526 | 128.458 | 132.39 | 
120.37 | 121.06 | 124.527 | 128.458 | 132.39 | 
120.37 | 121.062 | 124.527 | 128.458 | 132.39 | 
120.37 | 121.063 | 124.528 | 128.459 | 132.39 | 
120.37 | 121.065 | 124.528 | 128.459 | 132.39 | 
120.37 | 121.067 | 124.529 | 128.459 | 132.39 | 
120.37 | 121.069 | 124.529 | 128.459 | 132.39 | 
120.37 | 121.07 | 124.53 | 128.459 | 132.39 | 
120.37 | 121.072 | 124.531 | 128.46 | 132.39 | 
120.37 | 121.074 | 124.531 | 128.46 | 132.39 | 
120.37 | 121.076 | 124.532 | 128.46 | 132.39 | 
120.37 | 121.078 | 124.532 | 128.46 | 132.39 | 
120.37 | 121.079 | 124.533 | 128.461 | 132.39 | 
120.37 | 121.081 | 124.533 | 128.461 | 132.39 | 
120.37 | 121.083 | 124.534 | 128.461 | 132.39 | 
120.37 | 121.085 | 124.534 | 128.461 | 132.39 | 
120.37 | 121.086 | 124.535 | 128.462 | 132.39 | 
120.37 | 121.088 | 124.535 | 128.462 | 132.39 | 
120.37 | 121.09 | 124.536 | 128.462 | 132.39 | 
120.37 | 121.092 | 124.537 | 128.462 | 132.39 | 
120.37 | 121.093 | 124.537 | 128.462 | 132.39 | 
120.37 | 121.095 | 124.538 | 128.463 | 132.39 | 
120.37 | 121.097 | 124.538 | 128.463 | 132.39 | 
120.37 | 121.099 | 124.539 | 128.463 | 132.39 | 
120.37 | 121.1 | 124.539 | 128.463 | 132.39 | 
120.37 | 121.102 | 124.54 | 128.464 | 132.39 | 
120.37 | 121.104 | 124.54 | 128.464 | 132.39 | 
120.37 | 121.106 | 124.541 | 128.464 | 132.39 | 
120.37 | 121.108 | 124.542 | 128.464 | 132.39 | 
120.37 | 121.109 | 124.542 | 128.465 | 132.39 | 
120.37 | 121.111 | 124.543 | 128.465 | 132.39 | 
120.37 | 121.113 | 124.543 | 128.465 | 132.39 | 
120.37 | 121.115 | 124.544 | 128.465 | 132.39 | 
120.37 | 121.116 | 124.544 | 128.465 | 132.39 | 
120.37 | 121.118 | 124.545 | 128.466 | 132.39 | 
120.37 | 121.12 | 124.545 | 128.466 | 132.39 | 
120.37 | 121.122 | 124.546 | 128.466 | 132.39 | 
120.37 | 121.123 | 124.547 | 128.466 | 132.39 | 
120.37 | 121.125 | 124.547 | 128.467 | 132.39 | 
120.37 | 121.127 | 124.548 | 128.467 | 132.39 | 
120.37 | 121.128 | 124.548 | 128.467 | 132.39 | 
120.37 | 121.13 | 124.549 | 128.467 | 132.39 | 
120.37 | 121.132 | 124.549 | 128.468 | 132.39 | 
120.37 | 121.134 | 124.55 | 128.468 | 132.39 | 
120.37 | 121.135 | 124.551 | 128.468 | 132.39 | 
120.37 | 121.137 | 124.551 | 128.468 | 132.39 | 
120.37 | 121.139 | 124.552 | 128.468 | 132.39 | 
120.37 | 121.141 | 124.552 | 128.469 | 132.39 | 
120.37 | 121.142 | 124.553 | 128.469 | 132.39 | 
120.37 | 121.144 | 124.553 | 128.469 | 132.39 | 
120.37 | 121.146 | 124.554 | 128.469 | 132.39 | 
120.37 | 121.148 | 124.555 | 128.47 | 132.39 | 
120.37 | 121.149 | 124.555 | 128.47 | 132.39 | 
120.37 | 121.151 | 124.556 | 128.47 | 132.39 | 
120.37 | 121.153 | 124.556 | 128.47 | 132.39 | 
120.37 | 121.154 | 124.557 | 128.471 | 132.39 | 
120.37 | 121.156 | 124.557 | 128.471 | 132.39 | 
120.37 | 121.158 | 124.558 | 128.471 | 132.39 | 
120.37 | 121.16 | 124.558 | 128.471 | 132.39 | 
120.37 | 121.161 | 124.559 | 128.472 | 132.39 | 
120.37 | 121.163 | 124.56 | 128.472 | 132.39 | 
120.37 | 121.165 | 124.56 | 128.472 | 132.39 | 
120.37 | 121.167 | 124.561 | 128.472 | 132.39 | 
120.37 | 121.168 | 124.561 | 128.472 | 132.39 | 
120.37 | 121.17 | 124.562 | 128.473 | 132.39 | 
120.37 | 121.172 | 124.563 | 128.473 | 132.39 | 
120.37 | 121.173 | 124.563 | 128.473 | 132.39 | 
120.37 | 121.175 | 124.564 | 128.473 | 132.39 | 
120.37 | 121.177 | 124.564 | 128.474 | 132.39 | 
120.37 | 121.179 | 124.565 | 128.474 | 132.39 | 
120.37 | 121.18 | 124.565 | 128.474 | 132.39 | 
120.37 | 121.182 | 124.566 | 128.474 | 132.39 | 
120.37 | 121.184 | 124.567 | 128.475 | 132.39 | 
120.37 | 121.185 | 124.567 | 128.475 | 132.39 | 
120.37 | 121.187 | 124.568 | 128.475 | 132.39 | 
120.37 | 121.189 | 124.568 | 128.475 | 132.39 | 
120.37 | 121.191 | 124.569 | 128.476 | 132.39 | 
120.37 | 121.192 | 124.569 | 128.476 | 132.39 | 
120.37 | 121.194 | 124.57 | 128.476 | 132.39 | 
120.37 | 121.196 | 124.571 | 128.476 | 132.39 | 
120.37 | 121.197 | 124.571 | 128.476 | 132.39 | 
120.37 | 121.199 | 124.572 | 128.477 | 132.39 | 
120.37 | 121.201 | 124.572 | 128.477 | 132.39 | 
120.37 | 121.202 | 124.573 | 128.477 | 132.39 | 
120.37 | 121.204 | 124.574 | 128.477 | 132.39 | 
120.37 | 121.206 | 124.574 | 128.478 | 132.39 | 
120.37 | 121.208 | 124.575 | 128.478 | 132.39 | 
120.37 | 121.209 | 124.575 | 128.478 | 132.39 | 
120.37 | 121.211 | 124.576 | 128.478 | 132.39 | 
120.37 | 121.213 | 124.576 | 128.479 | 132.39 | 
120.37 | 121.214 | 124.577 | 128.479 | 132.39 | 
120.37 | 121.216 | 124.578 | 128.479 | 132.39 | 
120.37 | 121.218 | 124.578 | 128.479 | 132.39 | 
120.37 | 121.219 | 124.579 | 128.48 | 132.39 | 
120.37 | 121.221 | 124.579 | 128.48 | 132.39 | 
120.37 | 121.223 | 124.58 | 128.48 | 132.39 | 
120.37 | 121.225 | 124.581 | 128.48 | 132.39 | 
120.37 | 121.226 | 124.581 | 128.481 | 132.39 | 
120.37 | 121.228 | 124.582 | 128.481 | 132.39 | 
120.37 | 121.23 | 124.582 | 128.481 | 132.39 | 
120.37 | 121.231 | 124.583 | 128.481 | 132.39 | 
120.37 | 121.233 | 124.584 | 128.482 | 132.39 | 
120.37 | 121.235 | 124.584 | 128.482 | 132.39 | 
120.37 | 121.236 | 124.585 | 128.482 | 132.39 | 
120.37 | 121.238 | 124.585 | 128.482 | 132.39 | 
120.37 | 121.24 | 124.586 | 128.483 | 132.39 | 
120.37 | 121.241 | 124.587 | 128.483 | 132.39 | 
120.37 | 121.243 | 124.587 | 128.483 | 132.39 | 
120.37 | 121.245 | 124.588 | 128.483 | 132.39 | 
120.37 | 121.246 | 124.588 | 128.483 | 132.39 | 
120.37 | 121.248 | 124.589 | 128.484 | 132.39 | 
120.37 | 121.25 | 124.59 | 128.484 | 132.39 | 
120.37 | 121.251 | 124.59 | 128.484 | 132.39 | 
120.37 | 121.253 | 124.591 | 128.484 | 132.39 | 
120.37 | 121.255 | 124.591 | 128.485 | 132.39 | 
120.37 | 121.256 | 124.592 | 128.485 | 132.39 | 
120.37 | 121.258 | 124.593 | 128.485 | 132.39 | 
120.37 | 121.26 | 124.593 | 128.485 | 132.39 | 
120.37 | 121.261 | 124.594 | 128.486 | 132.39 | 
120.37 | 121.263 | 124.594 | 128.486 | 132.39 | 
120.37 | 121.265 | 124.595 | 128.486 | 132.39 | 
120.37 | 121.266 | 124.596 | 128.486 | 132.39 | 
120.37 | 121.268 | 124.596 | 128.487 | 132.39 | 
120.37 | 121.27 | 124.597 | 128.487 | 132.39 | 
120.37 | 121.271 | 124.597 | 128.487 | 132.39 | 
120.37 | 121.273 | 124.598 | 128.487 | 132.39 | 
120.37 | 121.275 | 124.599 | 128.488 | 132.39 | 
120.37 | 121.276 | 124.599 | 128.488 | 132.39 | 
120.37 | 121.278 | 124.6 | 128.488 | 132.39 | 
120.37 | 121.28 | 124.6 | 128.488 | 132.39 | 
120.37 | 121.281 | 124.601 | 128.489 | 132.39 | 
120.37 | 121.283 | 124.602 | 128.489 | 132.39 | 
120.37 | 121.285 | 124.602 | 128.489 | 132.39 | 
120.37 | 121.286 | 124.603 | 128.489 | 132.39 | 
120.37 | 121.288 | 124.603 | 128.49 | 132.39 | 
120.37 | 121.29 | 124.604 | 128.49 | 132.39 | 
120.37 | 121.291 | 124.605 | 128.49 | 132.39 | 
120.37 | 121.293 | 124.605 | 128.49 | 132.39 | 
120.37 | 121.295 | 124.606 | 128.491 | 132.39 | 
120.37 | 121.296 | 124.606 | 128.491 | 132.39 | 
120.37 | 121.298 | 124.607 | 128.491 | 132.39 | 
120.37 | 121.3 | 124.608 | 128.491 | 132.39 | 
120.37 | 121.301 | 124.608 | 128.492 | 132.39 | 
120.37 | 121.303 | 124.609 | 128.492 | 132.39 | 
120.37 | 121.305 | 124.61 | 128.492 | 132.39 | 
120.37 | 121.306 | 124.61 | 128.492 | 132.39 | 
120.37 | 121.308 | 124.611 | 128.493 | 132.39 | 
120.37 | 121.309 | 124.611 | 128.493 | 132.39 | 
120.37 | 121.311 | 124.612 | 128.493 | 132.39 | 
120.37 | 121.313 | 124.613 | 128.493 | 132.39 | 
120.37 | 121.314 | 124.613 | 128.494 | 132.39 | 
120.37 | 121.316 | 124.614 | 128.494 | 132.39 | 
120.37 | 121.318 | 124.614 | 128.494 | 132.39 | 
120.37 | 121.319 | 124.615 | 128.494 | 132.39 | 
120.37 | 121.321 | 124.616 | 128.495 | 132.39 | 
120.37 | 121.323 | 124.616 | 128.495 | 132.39 | 
120.37 | 121.324 | 124.617 | 128.495 | 132.39 | 
120.37 | 121.326 | 124.618 | 128.495 | 132.39 | 
120.37 | 121.327 | 124.618 | 128.496 | 132.39 | 
120.37 | 121.329 | 124.619 | 128.496 | 132.39 | 
120.37 | 121.331 | 124.619 | 128.496 | 132.39 | 
120.37 | 121.332 | 124.62 | 128.496 | 132.39 | 
120.37 | 121.334 | 124.621 | 128.497 | 132.39 | 
120.37 | 121.336 | 124.621 | 128.497 | 132.39 | 
120.37 | 121.337 | 124.622 | 128.497 | 132.39 | 
120.37 | 121.339 | 124.623 | 128.497 | 132.39 | 
120.37 | 121.341 | 124.623 | 128.498 | 132.39 | 
120.37 | 121.342 | 124.624 | 128.498 | 132.39 | 
120.37 | 121.344 | 124.624 | 128.498 | 132.39 | 
120.37 | 121.345 | 124.625 | 128.498 | 132.39 | 
120.37 | 121.347 | 124.626 | 128.499 | 132.39 | 
120.37 | 121.349 | 124.626 | 128.499 | 132.39 | 
120.37 | 121.35 | 124.627 | 128.499 | 132.39 | 
120.37 | 121.352 | 124.628 | 128.499 | 132.39 | 
120.37 | 121.353 | 124.628 | 128.5 | 132.39 | 
120.37 | 121.355 | 124.629 | 128.5 | 132.39 | 
120.37 | 121.357 | 124.629 | 128.5 | 132.39 | 
120.37 | 121.358 | 124.63 | 128.5 | 132.39 | 
120.37 | 121.36 | 124.631 | 128.501 | 132.39 | 
120.37 | 121.362 | 124.631 | 128.501 | 132.39 | 
120.37 | 121.363 | 124.632 | 128.501 | 132.39 | 
120.37 | 121.365 | 124.633 | 128.501 | 132.39 | 
120.37 | 121.366 | 124.633 | 128.502 | 132.39 | 
120.37 | 121.368 | 124.634 | 128.502 | 132.39 | 
120.37 | 121.37 | 124.634 | 128.502 | 132.39 | 
120.37 | 121.371 | 124.635 | 128.502 | 132.39 | 
120.37 | 121.373 | 124.636 | 128.503 | 132.39 | 
120.37 | 121.374 | 124.636 | 128.503 | 132.39 | 
120.37 | 121.376 | 124.637 | 128.503 | 132.39 | 
120.37 | 121.378 | 124.638 | 128.503 | 132.39 | 
120.37 | 121.379 | 124.638 | 128.504 | 132.39 | 
120.37 | 121.381 | 124.639 | 128.504 | 132.39 | 
120.37 | 121.382 | 124.64 | 128.504 | 132.39 | 
120.37 | 121.384 | 124.64 | 128.504 | 132.39 | 
120.37 | 121.386 | 124.641 | 128.505 | 132.39 | 
120.37 | 121.387 | 124.641 | 128.505 | 132.39 | 
120.37 | 121.389 | 124.642 | 128.505 | 132.39 | 
120.37 | 121.39 | 124.643 | 128.506 | 132.39 | 
120.37 | 121.392 | 124.643 | 128.506 | 132.39 | 
120.37 | 121.394 | 124.644 | 128.506 | 132.39 | 
120.37 | 121.395 | 124.645 | 128.506 | 132.39 | 
120.37 | 121.397 | 124.645 | 128.507 | 132.39 | 
120.37 | 121.398 | 124.646 | 128.507 | 132.39 | 
120.37 | 121.4 | 124.647 | 128.507 | 132.39 | 
120.37 | 121.402 | 124.647 | 128.507 | 132.39 | 
120.37 | 121.403 | 124.648 | 128.508 | 132.39 | 
120.37 | 121.405 | 124.648 | 128.508 | 132.39 | 
120.37 | 121.406 | 124.649 | 128.508 | 132.39 | 
120.37 | 121.408 | 124.65 | 128.508 | 132.39 | 
120.37 | 121.41 | 124.65 | 128.509 | 132.39 | 
120.37 | 121.411 | 124.651 | 128.509 | 132.39 | 
120.37 | 121.413 | 124.652 | 128.509 | 132.39 | 
120.37 | 121.414 | 124.652 | 128.509 | 132.39 | 
120.37 | 121.416 | 124.653 | 128.51 | 132.39 | 
120.37 | 121.418 | 124.654 | 128.51 | 132.39 | 
120.37 | 121.419 | 124.654 | 128.51 | 132.39 | 
120.37 | 121.421 | 124.655 | 128.51 | 132.39 | 
120.37 | 121.422 | 124.656 | 128.511 | 132.39 | 
120.37 | 121.424 | 124.656 | 128.511 | 132.39 | 
120.37 | 121.425 | 124.657 | 128.511 | 132.39 | 
120.37 | 121.427 | 124.657 | 128.512 | 132.39 | 
120.37 | 121.429 | 124.658 | 128.512 | 132.39 | 
120.37 | 121.43 | 124.659 | 128.512 | 132.39 | 
120.37 | 121.432 | 124.659 | 128.512 | 132.39 | 
120.37 | 121.433 | 124.66 | 128.513 | 132.39 | 
120.37 | 121.435 | 124.661 | 128.513 | 132.39 | 
120.37 | 121.436 | 124.661 | 128.513 | 132.39 | 
120.37 | 121.438 | 124.662 | 128.513 | 132.39 | 
120.37 | 121.44 | 124.663 | 128.514 | 132.39 | 
120.37 | 121.441 | 124.663 | 128.514 | 132.39 | 
120.37 | 121.443 | 124.664 | 128.514 | 132.39 | 
120.37 | 121.444 | 124.665 | 128.514 | 132.39 | 
120.37 | 121.446 | 124.665 | 128.515 | 132.39 | 
120.37 | 121.447 | 124.666 | 128.515 | 132.39 | 
120.37 | 121.449 | 124.667 | 128.515 | 132.39 | 
120.37 | 121.451 | 124.667 | 128.515 | 132.39 | 
120.37 | 121.452 | 124.668 | 128.516 | 132.39 | 
120.37 | 121.454 | 124.669 | 128.516 | 132.39 | 
120.37 | 121.455 | 124.669 | 128.516 | 132.39 | 
120.37 | 121.457 | 124.67 | 128.517 | 132.39 | 
120.37 | 121.458 | 124.67 | 128.517 | 132.39 | 
120.37 | 121.46 | 124.671 | 128.517 | 132.39 | 
120.37 | 121.462 | 124.672 | 128.517 | 132.39 | 
120.37 | 121.463 | 124.672 | 128.518 | 132.39 | 
120.37 | 121.465 | 124.673 | 128.518 | 132.39 | 
120.37 | 121.466 | 124.674 | 128.518 | 132.39 | 
120.37 | 121.468 | 124.674 | 128.518 | 132.39 | 
120.37 | 121.469 | 124.675 | 128.519 | 132.39 | 
120.37 | 121.471 | 124.676 | 128.519 | 132.39 | 
120.37 | 121.472 | 124.676 | 128.519 | 132.39 | 
120.37 | 121.474 | 124.677 | 128.519 | 132.39 | 
120.37 | 121.475 | 124.678 | 128.52 | 132.39 | 
120.37 | 121.477 | 124.678 | 128.52 | 132.39 | 
120.37 | 121.479 | 124.679 | 128.52 | 132.39 | 
120.37 | 121.48 | 124.68 | 128.521 | 132.39 | 
120.37 | 121.482 | 124.68 | 128.521 | 132.39 | 
120.37 | 121.483 | 124.681 | 128.521 | 132.39 | 
120.37 | 121.485 | 124.682 | 128.521 | 132.39 | 
120.37 | 121.486 | 124.682 | 128.522 | 132.39 | 
120.37 | 121.488 | 124.683 | 128.522 | 132.39 | 
120.37 | 121.489 | 124.684 | 128.522 | 132.39 | 
120.37 | 121.491 | 124.684 | 128.522 | 132.39 | 
120.37 | 121.493 | 124.685 | 128.523 | 132.39 | 
120.37 | 121.494 | 124.686 | 128.523 | 132.39 | 
120.37 | 121.496 | 124.686 | 128.523 | 132.39 | 
120.37 | 121.497 | 124.687 | 128.523 | 132.39 | 
120.37 | 121.499 | 124.688 | 128.524 | 132.39 | 
120.37 | 121.5 | 124.688 | 128.524 | 132.39 | 
120.37 | 121.502 | 124.689 | 128.524 | 132.39 | 
120.37 | 121.503 | 124.69 | 128.525 | 132.39 | 
120.37 | 121.505 | 124.69 | 128.525 | 132.39 | 
120.37 | 121.506 | 124.691 | 128.525 | 132.39 | 
120.37 | 121.508 | 124.692 | 128.525 | 132.39 | 
120.37 | 121.509 | 124.692 | 128.526 | 132.39 | 
120.37 | 121.511 | 124.693 | 128.526 | 132.39 | 
120.37 | 121.512 | 124.694 | 128.526 | 132.39 | 
120.37 | 121.514 | 124.694 | 128.526 | 132.39 | 
120.37 | 121.516 | 124.695 | 128.527 | 132.39 | 
120.37 | 121.517 | 124.696 | 128.527 | 132.39 | 
120.37 | 121.519 | 124.696 | 128.527 | 132.39 | 
120.37 | 121.52 | 124.697 | 128.528 | 132.39 | 
120.37 | 121.522 | 124.698 | 128.528 | 132.39 | 
120.37 | 121.523 | 124.698 | 128.528 | 132.39 | 
120.37 | 121.525 | 124.699 | 128.528 | 132.39 | 
120.37 | 121.526 | 124.7 | 128.529 | 132.39 | 
120.37 | 121.528 | 124.7 | 128.529 | 132.39 | 
120.37 | 121.529 | 124.701 | 128.529 | 132.39 | 
120.37 | 121.531 | 124.702 | 128.529 | 132.39 | 
120.37 | 121.532 | 124.702 | 128.53 | 132.39 | 
120.37 | 121.534 | 124.703 | 128.53 | 132.39 | 
120.37 | 121.535 | 124.704 | 128.53 | 132.39 | 
120.37 | 121.537 | 124.704 | 128.531 | 132.39 | 
120.37 | 121.538 | 124.705 | 128.531 | 132.39 | 
120.37 | 121.54 | 124.706 | 128.531 | 132.39 | 
120.37 | 121.541 | 124.706 | 128.531 | 132.39 | 
120.37 | 121.543 | 124.707 | 128.532 | 132.39 | 
120.37 | 121.544 | 124.708 | 128.532 | 132.39 | 
120.37 | 121.546 | 124.708 | 128.532 | 132.39 | 
120.37 | 121.547 | 124.709 | 128.532 | 132.39 | 
120.37 | 121.549 | 124.71 | 128.533 | 132.39 | 
120.37 | 121.551 | 124.71 | 128.533 | 132.39 | 
120.37 | 121.552 | 124.711 | 128.533 | 132.39 | 
120.37 | 121.554 | 124.712 | 128.534 | 132.39 | 
120.37 | 121.555 | 124.712 | 128.534 | 132.39 | 
120.37 | 121.557 | 124.713 | 128.534 | 132.39 | 
120.37 | 121.558 | 124.714 | 128.534 | 132.39 | 
120.37 | 121.56 | 124.715 | 128.535 | 132.39 | 
120.37 | 121.561 | 124.715 | 128.535 | 132.39 | 
120.37 | 121.563 | 124.716 | 128.535 | 132.39 | 
120.37 | 121.564 | 124.717 | 128.536 | 132.39 | 
120.37 | 121.566 | 124.717 | 128.536 | 132.39 | 
120.37 | 121.567 | 124.718 | 128.536 | 132.39 | 
120.37 | 121.569 | 124.719 | 128.536 | 132.39 | 
120.37 | 121.57 | 124.719 | 128.537 | 132.39 | 
120.37 | 121.572 | 124.72 | 128.537 | 132.39 | 
120.37 | 121.573 | 124.721 | 128.537 | 132.39 | 
120.37 | 121.575 | 124.721 | 128.537 | 132.39 | 
120.37 | 121.576 | 124.722 | 128.538 | 132.39 | 
120.37 | 121.578 | 124.723 | 128.538 | 132.39 | 
120.37 | 121.579 | 124.723 | 128.538 | 132.39 | 
120.37 | 121.581 | 124.724 | 128.539 | 132.39 | 
120.37 | 121.582 | 124.725 | 128.539 | 132.39 | 
120.37 | 121.584 | 124.725 | 128.539 | 132.39 | 
120.37 | 121.585 | 124.726 | 128.539 | 132.39 | 
120.37 | 121.587 | 124.727 | 128.54 | 132.39 | 
120.37 | 121.588 | 124.728 | 128.54 | 132.39 | 
120.37 | 121.59 | 124.728 | 128.54 | 132.39 | 
120.37 | 121.591 | 124.729 | 128.541 | 132.39 | 
120.37 | 121.592 | 124.73 | 128.541 | 132.39 | 
120.37 | 121.594 | 124.73 | 128.541 | 132.39 | 
120.37 | 121.595 | 124.731 | 128.541 | 132.39 | 
120.37 | 121.597 | 124.732 | 128.542 | 132.39 | 
120.37 | 121.598 | 124.732 | 128.542 | 132.39 | 
120.37 | 121.6 | 124.733 | 128.542 | 132.39 | 
120.37 | 121.601 | 124.734 | 128.543 | 132.39 | 
120.37 | 121.603 | 124.734 | 128.543 | 132.39 | 
120.37 | 121.604 | 124.735 | 128.543 | 132.39 | 
120.37 | 121.606 | 124.736 | 128.543 | 132.39 | 
120.37 | 121.607 | 124.736 | 128.544 | 132.39 | 
120.37 | 121.609 | 124.737 | 128.544 | 132.39 | 
120.37 | 121.61 | 124.738 | 128.544 | 132.39 | 
120.37 | 121.612 | 124.739 | 128.545 | 132.39 | 
120.37 | 121.613 | 124.739 | 128.545 | 132.39 | 
120.37 | 121.615 | 124.74 | 128.545 | 132.39 | 
120.37 | 121.616 | 124.741 | 128.545 | 132.39 | 
120.37 | 121.618 | 124.741 | 128.546 | 132.39 | 
120.37 | 121.619 | 124.742 | 128.546 | 132.39 | 
120.37 | 121.621 | 124.743 | 128.546 | 132.39 | 
120.37 | 121.622 | 124.743 | 128.547 | 132.39 | 
120.37 | 121.624 | 124.744 | 128.547 | 132.39 | 
120.37 | 121.625 | 124.745 | 128.547 | 132.39 | 
120.37 | 121.626 | 124.745 | 128.547 | 132.39 | 
120.37 | 121.628 | 124.746 | 128.548 | 132.39 | 
120.37 | 121.629 | 124.747 | 128.548 | 132.39 | 
120.37 | 121.631 | 124.748 | 128.548 | 132.39 | 
120.37 | 121.632 | 124.748 | 128.549 | 132.39 | 
120.37 | 121.634 | 124.749 | 128.549 | 132.39 | 
120.37 | 121.635 | 124.75 | 128.549 | 132.39 | 
120.37 | 121.637 | 124.75 | 128.549 | 132.39 | 
120.37 | 121.638 | 124.751 | 128.55 | 132.39 | 
120.37 | 121.64 | 124.752 | 128.55 | 132.39 | 
120.37 | 121.641 | 124.752 | 128.55 | 132.39 | 
120.37 | 121.643 | 124.753 | 128.551 | 132.39 | 
120.37 | 121.644 | 124.754 | 128.551 | 132.39 | 
120.37 | 121.646 | 124.755 | 128.551 | 132.39 | 
120.37 | 121.647 | 124.755 | 128.551 | 132.39 | 
120.37 | 121.648 | 124.756 | 128.552 | 132.39 | 
120.37 | 121.65 | 124.757 | 128.552 | 132.39 | 
120.37 | 121.651 | 124.757 | 128.552 | 132.39 | 
120.37 | 121.653 | 124.758 | 128.553 | 132.39 | 
120.37 | 121.654 | 124.759 | 128.553 | 132.39 | 
120.37 | 121.656 | 124.759 | 128.553 | 132.39 | 
120.37 | 121.657 | 124.76 | 128.553 | 132.39 | 
120.37 | 121.659 | 124.761 | 128.554 | 132.39 | 
120.37 | 121.66 | 124.762 | 128.554 | 132.39 | 
120.37 | 121.662 | 124.762 | 128.554 | 132.39 | 
120.37 | 121.663 | 124.763 | 128.555 | 132.39 | 
120.37 | 121.664 | 124.764 | 128.555 | 132.39 | 
120.37 | 121.666 | 124.764 | 128.555 | 132.39 | 
120.37 | 121.667 | 124.765 | 128.555 | 132.39 | 
120.37 | 121.669 | 124.766 | 128.556 | 132.39 | 
120.37 | 121.67 | 124.766 | 128.556 | 132.39 | 
120.37 | 121.672 | 124.767 | 128.556 | 132.39 | 
120.37 | 121.673 | 124.768 | 128.557 | 132.39 | 
120.37 | 121.675 | 124.769 | 128.557 | 132.39 | 
120.37 | 121.676 | 124.769 | 128.557 | 132.39 | 
120.37 | 121.677 | 124.77 | 128.557 | 132.39 | 
120.37 | 121.679 | 124.771 | 128.558 | 132.39 | 
120.37 | 121.68 | 124.771 | 128.558 | 132.39 | 
120.37 | 121.682 | 124.772 | 128.558 | 132.39 | 
120.37 | 121.683 | 124.773 | 128.559 | 132.39 | 
120.37 | 121.685 | 124.773 | 128.559 | 132.39 | 
120.37 | 121.686 | 124.774 | 128.559 | 132.39 | 
120.37 | 121.687 | 124.775 | 128.56 | 132.39 | 
120.37 | 121.689 | 124.776 | 128.56 | 132.39 | 
120.37 | 121.69 | 124.776 | 128.56 | 132.39 | 
120.37 | 121.692 | 124.777 | 128.56 | 132.39 | 
120.37 | 121.693 | 124.778 | 128.561 | 132.39 | 
120.37 | 121.695 | 124.778 | 128.561 | 132.39 | 
120.37 | 121.696 | 124.779 | 128.561 | 132.39 | 
120.37 | 121.698 | 124.78 | 128.562 | 132.39 | 
120.37 | 121.699 | 124.781 | 128.562 | 132.39 | 
120.37 | 121.7 | 124.781 | 128.562 | 132.39 | 
120.37 | 121.702 | 124.782 | 128.562 | 132.39 | 
120.37 | 121.703 | 124.783 | 128.563 | 132.39 | 
120.37 | 121.705 | 124.783 | 128.563 | 132.39 | 
120.37 | 121.706 | 124.784 | 128.563 | 132.39 | 
120.37 | 121.707 | 124.785 | 128.564 | 132.39 | 
120.37 | 121.709 | 124.786 | 128.564 | 132.39 | 
120.37 | 121.71 | 124.786 | 128.564 | 132.39 | 
120.37 | 121.712 | 124.787 | 128.565 | 132.39 | 
120.37 | 121.713 | 124.788 | 128.565 | 132.39 | 
120.37 | 121.715 | 124.788 | 128.565 | 132.39 | 
120.37 | 121.716 | 124.789 | 128.565 | 132.39 | 
120.37 | 121.717 | 124.79 | 128.566 | 132.39 | 
120.37 | 121.719 | 124.791 | 128.566 | 132.39 | 
120.37 | 121.72 | 124.791 | 128.566 | 132.39 | 
120.37 | 121.722 | 124.792 | 128.567 | 132.39 | 
120.37 | 121.723 | 124.793 | 128.567 | 132.39 | 
120.37 | 121.725 | 124.793 | 128.567 | 132.39 | 
120.37 | 121.726 | 124.794 | 128.568 | 132.39 | 
120.37 | 121.727 | 124.795 | 128.568 | 132.39 | 
120.37 | 121.729 | 124.796 | 128.568 | 132.39 | 
120.37 | 121.73 | 124.796 | 128.568 | 132.39 | 
120.37 | 121.732 | 124.797 | 128.569 | 132.39 | 
120.37 | 121.733 | 124.798 | 128.569 | 132.39 | 
120.37 | 121.734 | 124.798 | 128.569 | 132.39 | 
120.37 | 121.736 | 124.799 | 128.57 | 132.39 | 
120.37 | 121.737 | 124.8 | 128.57 | 132.39 | 
120.37 | 121.739 | 124.801 | 128.57 | 132.39 | 
120.37 | 121.74 | 124.801 | 128.571 | 132.39 | 
120.37 | 121.741 | 124.802 | 128.571 | 132.39 | 
120.37 | 121.743 | 124.803 | 128.571 | 132.39 | 
120.37 | 121.744 | 124.803 | 128.571 | 132.39 | 
120.37 | 121.746 | 124.804 | 128.572 | 132.39 | 
120.37 | 121.747 | 124.805 | 128.572 | 132.39 | 
120.37 | 121.748 | 124.806 | 128.572 | 132.39 | 
120.37 | 121.75 | 124.806 | 128.573 | 132.39 | 
120.37 | 121.751 | 124.807 | 128.573 | 132.39 | 
120.37 | 121.753 | 124.808 | 128.573 | 132.39 | 
120.37 | 121.754 | 124.809 | 128.574 | 132.39 | 
120.37 | 121.755 | 124.809 | 128.574 | 132.39 | 
120.37 | 121.757 | 124.81 | 128.574 | 132.39 | 
120.37 | 121.758 | 124.811 | 128.574 | 132.39 | 
120.37 | 121.76 | 124.811 | 128.575 | 132.39 | 
120.37 | 121.761 | 124.812 | 128.575 | 132.39 | 
120.37 | 121.762 | 124.813 | 128.575 | 132.39 | 
120.37 | 121.764 | 124.814 | 128.576 | 132.39 | 
120.37 | 121.765 | 124.814 | 128.576 | 132.39 | 
120.37 | 121.767 | 124.815 | 128.576 | 132.39 | 
120.37 | 121.768 | 124.816 | 128.577 | 132.39 | 
120.37 | 121.769 | 124.816 | 128.577 | 132.39 | 
120.37 | 121.771 | 124.817 | 128.577 | 132.39 | 
120.37 | 121.772 | 124.818 | 128.577 | 132.39 | 
120.37 | 121.774 | 124.819 | 128.578 | 132.39 | 
120.37 | 121.775 | 124.819 | 128.578 | 132.39 | 
120.37 | 121.776 | 124.82 | 128.578 | 132.39 | 
120.37 | 121.778 | 124.821 | 128.579 | 132.39 | 
120.37 | 121.779 | 124.822 | 128.579 | 132.39 | 
120.37 | 121.781 | 124.822 | 128.579 | 132.39 | 
120.37 | 121.782 | 124.823 | 128.58 | 132.39 | 
120.37 | 121.783 | 124.824 | 128.58 | 132.39 | 
120.37 | 121.785 | 124.824 | 128.58 | 132.39 | 
120.37 | 121.786 | 124.825 | 128.581 | 132.39 | 
120.37 | 121.787 | 124.826 | 128.581 | 132.39 | 
120.37 | 121.789 | 124.827 | 128.581 | 132.39 | 
120.37 | 121.79 | 124.827 | 128.581 | 132.39 | 
120.37 | 121.792 | 124.828 | 128.582 | 132.39 | 
120.37 | 121.793 | 124.829 | 128.582 | 132.39 | 
120.37 | 121.794 | 124.83 | 128.582 | 132.39 | 
120.37 | 121.796 | 124.83 | 128.583 | 132.39 | 
120.37 | 121.797 | 124.831 | 128.583 | 132.39 | 
120.37 | 121.798 | 124.832 | 128.583 | 132.39 | 
120.37 | 121.8 | 124.832 | 128.584 | 132.39 | 
120.37 | 121.801 | 124.833 | 128.584 | 132.39 | 
120.37 | 121.803 | 124.834 | 128.584 | 132.39 | 
120.37 | 121.804 | 124.835 | 128.585 | 132.39 | 
120.37 | 121.805 | 124.835 | 128.585 | 132.39 | 
120.37 | 121.807 | 124.836 | 128.585 | 132.39 | 
120.37 | 121.808 | 124.837 | 128.585 | 132.39 | 
120.37 | 121.809 | 124.838 | 128.586 | 132.39 | 
120.37 | 121.811 | 124.838 | 128.586 | 132.39 | 
120.37 | 121.812 | 124.839 | 128.586 | 132.39 | 
120.37 | 121.814 | 124.84 | 128.587 | 132.39 | 
120.37 | 121.815 | 124.841 | 128.587 | 132.39 | 
120.37 | 121.816 | 124.841 | 128.587 | 132.39 | 
120.37 | 121.818 | 124.842 | 128.588 | 132.39 | 
120.37 | 121.819 | 124.843 | 128.588 | 132.39 | 
120.37 | 121.82 | 124.843 | 128.588 | 132.39 | 
120.37 | 121.822 | 124.844 | 128.589 | 132.39 | 
120.37 | 121.823 | 124.845 | 128.589 | 132.39 | 
120.37 | 121.824 | 124.846 | 128.589 | 132.39 | 
120.37 | 121.826 | 124.846 | 128.59 | 132.39 | 
120.37 | 121.827 | 124.847 | 128.59 | 132.39 | 
120.37 | 121.829 | 124.848 | 128.59 | 132.39 | 
120.37 | 121.83 | 124.849 | 128.59 | 132.39 | 
120.37 | 121.831 | 124.849 | 128.591 | 132.39 | 
120.37 | 121.833 | 124.85 | 128.591 | 132.39 | 
120.37 | 121.834 | 124.851 | 128.591 | 132.39 | 
120.37 | 121.835 | 124.852 | 128.592 | 132.39 | 
120.37 | 121.837 | 124.852 | 128.592 | 132.39 | 
120.37 | 121.838 | 124.853 | 128.592 | 132.39 | 
120.37 | 121.839 | 124.854 | 128.593 | 132.39 | 
120.37 | 121.841 | 124.854 | 128.593 | 132.39 | 
120.37 | 121.842 | 124.855 | 128.593 | 132.39 | 
120.37 | 121.843 | 124.856 | 128.594 | 132.39 | 
120.37 | 121.845 | 124.857 | 128.594 | 132.39 | 
120.37 | 121.846 | 124.857 | 128.594 | 132.39 | 
120.37 | 121.848 | 124.858 | 128.595 | 132.39 | 
120.37 | 121.849 | 124.859 | 128.595 | 132.39 | 
120.37 | 121.85 | 124.86 | 128.595 | 132.39 | 
120.37 | 121.852 | 124.86 | 128.595 | 132.39 | 
120.37 | 121.853 | 124.861 | 128.596 | 132.39 | 
120.37 | 121.854 | 124.862 | 128.596 | 132.39 | 
120.37 | 121.856 | 124.863 | 128.596 | 132.39 | 
120.37 | 121.857 | 124.863 | 128.597 | 132.39 | 
120.37 | 121.858 | 124.864 | 128.597 | 132.39 | 
120.37 | 121.86 | 124.865 | 128.597 | 132.39 | 
120.37 | 121.861 | 124.866 | 128.598 | 132.39 | 
120.37 | 121.862 | 124.866 | 128.598 | 132.39 | 
120.37 | 121.864 | 124.867 | 128.598 | 132.39 | 
120.37 | 121.865 | 124.868 | 128.599 | 132.39 | 
120.37 | 121.866 | 124.869 | 128.599 | 132.39 | 
120.37 | 121.868 | 124.869 | 128.599 | 132.39 | 
120.37 | 121.869 | 124.87 | 128.6 | 132.39 | 
120.37 | 121.87 | 124.871 | 128.6 | 132.39 | 
120.37 | 121.872 | 124.872 | 128.6 | 132.39 | 
120.37 | 121.873 | 124.872 | 128.601 | 132.39 | 
120.37 | 121.874 | 124.873 | 128.601 | 132.39 | 
120.37 | 121.876 | 124.874 | 128.601 | 132.39 | 
120.37 | 121.877 | 124.875 | 128.602 | 132.39 | 
120.37 | 121.878 | 124.875 | 128.602 | 132.39 | 
120.37 | 121.88 | 124.876 | 128.602 | 132.39 | 
120.37 | 121.881 | 124.877 | 128.602 | 132.39 | 
120.37 | 121.882 | 124.877 | 128.603 | 132.39 | 
120.37 | 121.884 | 124.878 | 128.603 | 132.39 | 
120.37 | 121.885 | 124.879 | 128.603 | 132.39 | 
120.37 | 121.886 | 124.88 | 128.604 | 132.39 | 
120.37 | 121.888 | 124.88 | 128.604 | 132.39 | 
120.37 | 121.889 | 124.881 | 128.604 | 132.39 | 
120.37 | 121.89 | 124.882 | 128.605 | 132.39 | 
120.37 | 121.892 | 124.883 | 128.605 | 132.39 | 
120.37 | 121.893 | 124.883 | 128.605 | 132.39 | 
120.37 | 121.894 | 124.884 | 128.606 | 132.39 | 
120.37 | 121.896 | 124.885 | 128.606 | 132.39 | 
120.37 | 121.897 | 124.886 | 128.606 | 132.39 | 
120.37 | 121.898 | 124.886 | 128.607 | 132.39 | 
120.37 | 121.9 | 124.887 | 128.607 | 132.39 | 
120.37 | 121.901 | 124.888 | 128.607 | 132.39 | 
120.37 | 121.902 | 124.889 | 128.608 | 132.39 | 
120.37 | 121.903 | 124.889 | 128.608 | 132.39 | 
120.37 | 121.905 | 124.89 | 128.608 | 132.39 | 
120.37 | 121.906 | 124.891 | 128.609 | 132.39 | 
120.37 | 121.907 | 124.892 | 128.609 | 132.39 | 
120.37 | 121.909 | 124.892 | 128.609 | 132.39 | 
120.37 | 121.91 | 124.893 | 128.61 | 132.39 | 
120.37 | 121.911 | 124.894 | 128.61 | 132.39 | 
120.37 | 121.913 | 124.895 | 128.61 | 132.39 | 
120.37 | 121.914 | 124.895 | 128.611 | 132.39 | 
120.37 | 121.915 | 124.896 | 128.611 | 132.39 | 
120.37 | 121.917 | 124.897 | 128.611 | 132.39 | 
120.37 | 121.918 | 124.898 | 128.612 | 132.39 | 
120.37 | 121.919 | 124.898 | 128.612 | 132.39 | 
120.37 | 121.921 | 124.899 | 128.612 | 132.39 | 
120.37 | 121.922 | 124.9 | 128.613 | 132.39 | 
120.37 | 121.923 | 124.901 | 128.613 | 132.39 | 
120.37 | 121.924 | 124.901 | 128.613 | 132.39 | 
120.37 | 121.926 | 124.902 | 128.613 | 132.39 | 
120.37 | 121.927 | 124.903 | 128.614 | 132.39 | 
120.37 | 121.928 | 124.904 | 128.614 | 132.39 | 
120.37 | 121.93 | 124.904 | 128.614 | 132.39 | 
120.37 | 121.931 | 124.905 | 128.615 | 132.39 | 
120.37 | 121.932 | 124.906 | 128.615 | 132.39 | 
120.37 | 121.934 | 124.907 | 128.615 | 132.39 | 
120.37 | 121.935 | 124.907 | 128.616 | 132.39 | 
120.37 | 121.936 | 124.908 | 128.616 | 132.39 | 
120.37 | 121.938 | 124.909 | 128.616 | 132.39 | 
120.37 | 121.939 | 124.91 | 128.617 | 132.39 | 
120.37 | 121.94 | 124.91 | 128.617 | 132.39 | 
120.37 | 121.941 | 124.911 | 128.617 | 132.39 | 
120.37 | 121.943 | 124.912 | 128.618 | 132.39 | 
120.37 | 121.944 | 124.913 | 128.618 | 132.39 | 
120.37 | 121.945 | 124.914 | 128.618 | 132.39 | 
120.37 | 121.947 | 124.914 | 128.619 | 132.39 | 
120.37 | 121.948 | 124.915 | 128.619 | 132.39 | 
120.37 | 121.949 | 124.916 | 128.619 | 132.39 | 
120.37 | 121.95 | 124.917 | 128.62 | 132.39 | 
120.37 | 121.952 | 124.917 | 128.62 | 132.39 | 
120.37 | 121.953 | 124.918 | 128.62 | 132.39 | 
120.37 | 121.954 | 124.919 | 128.621 | 132.39 | 
120.37 | 121.956 | 124.92 | 128.621 | 132.39 | 
120.37 | 121.957 | 124.92 | 128.621 | 132.39 | 
120.37 | 121.958 | 124.921 | 128.622 | 132.39 | 
120.37 | 121.96 | 124.922 | 128.622 | 132.39 | 
120.37 | 121.961 | 124.923 | 128.622 | 132.39 | 
120.37 | 121.962 | 124.923 | 128.623 | 132.39 | 
120.37 | 121.963 | 124.924 | 128.623 | 132.39 | 
120.37 | 121.965 | 124.925 | 128.623 | 132.39 | 
120.37 | 121.966 | 124.926 | 128.624 | 132.39 | 
120.37 | 121.967 | 124.926 | 128.624 | 132.39 | 
120.37 | 121.969 | 124.927 | 128.624 | 132.39 | 
120.37 | 121.97 | 124.928 | 128.625 | 132.39 | 
120.37 | 121.971 | 124.929 | 128.625 | 132.39 | 
120.37 | 121.972 | 124.929 | 128.625 | 132.39 | 
120.37 | 121.974 | 124.93 | 128.626 | 132.39 | 
120.37 | 121.975 | 124.931 | 128.626 | 132.39 | 
120.37 | 121.976 | 124.932 | 128.626 | 132.39 | 
120.37 | 121.977 | 124.932 | 128.627 | 132.39 | 
120.37 | 121.979 | 124.933 | 128.627 | 132.39 | 
120.37 | 121.98 | 124.934 | 128.627 | 132.39 | 
120.37 | 121.981 | 124.935 | 128.628 | 132.39 | 
120.37 | 121.983 | 124.936 | 128.628 | 132.39 | 
120.37 | 121.984 | 124.936 | 128.628 | 132.39 | 
120.37 | 121.985 | 124.937 | 128.629 | 132.39 | 
120.37 | 121.986 | 124.938 | 128.629 | 132.39 | 
120.37 | 121.988 | 124.939 | 128.629 | 132.39 | 
120.37 | 121.989 | 124.939 | 128.63 | 132.39 | 
120.37 | 121.99 | 124.94 | 128.63 | 132.39 | 
120.37 | 121.991 | 124.941 | 128.63 | 132.39 | 
120.37 | 121.993 | 124.942 | 128.631 | 132.39 | 
120.37 | 121.994 | 124.942 | 128.631 | 132.39 | 
120.37 | 121.995 | 124.943 | 128.631 | 132.39 | 
120.37 | 121.997 | 124.944 | 128.632 | 132.39 | 
120.37 | 121.998 | 124.945 | 128.632 | 132.39 | 
120.37 | 121.999 | 124.945 | 128.632 | 132.39 | 
120.37 | 122 | 124.946 | 128.633 | 132.39 | 
120.37 | 122.002 | 124.947 | 128.633 | 132.39 | 
120.37 | 122.003 | 124.948 | 128.633 | 132.39 | 
120.37 | 122.004 | 124.948 | 128.634 | 132.39 | 
120.37 | 122.005 | 124.949 | 128.634 | 132.39 | 
120.37 | 122.007 | 124.95 | 128.634 | 132.39 | 
120.37 | 122.008 | 124.951 | 128.635 | 132.39 | 
120.37 | 122.009 | 124.952 | 128.635 | 132.39 | 
120.37 | 122.01 | 124.952 | 128.635 | 132.39 | 
120.37 | 122.012 | 124.953 | 128.636 | 132.39 | 
120.37 | 122.013 | 124.954 | 128.636 | 132.39 | 
120.37 | 122.014 | 124.955 | 128.636 | 132.39 | 
120.37 | 122.015 | 124.955 | 128.637 | 132.39 | 
120.37 | 122.017 | 124.956 | 128.637 | 132.39 | 
120.37 | 122.018 | 124.957 | 128.637 | 132.39 | 
120.37 | 122.019 | 124.958 | 128.638 | 132.39 | 
120.37 | 122.021 | 124.958 | 128.638 | 132.39 | 
120.37 | 122.022 | 124.959 | 128.639 | 132.39 | 
120.37 | 122.023 | 124.96 | 128.639 | 132.39 | 
120.37 | 122.024 | 124.961 | 128.639 | 132.39 | 
120.37 | 122.026 | 124.962 | 128.64 | 132.39 | 
120.37 | 122.027 | 124.962 | 128.64 | 132.39 | 
120.37 | 122.028 | 124.963 | 128.64 | 132.39 | 
120.37 | 122.029 | 124.964 | 128.641 | 132.39 | 
120.37 | 122.031 | 124.965 | 128.641 | 132.39 | 
120.37 | 122.032 | 124.965 | 128.641 | 132.39 | 
120.37 | 122.033 | 124.966 | 128.642 | 132.39 | 
120.37 | 122.034 | 124.967 | 128.642 | 132.39 | 
